<!DOCTYPE HTML>
<html>
  <head>
    <meta charset="UTF-8">
    <title>TOMTOM</title>
    <script>
      // @JSON_VAR data
      var data = {
        "program": "Tomtom",
        "version": "5.0.5",
        "release": "Mon Mar 18 20:12:19 2019 -0700",
        "cmd": [
          "tomtom", "-verbosity", "1", "-oc", "memechip_out/meme_tomtom_out",
          "-min-overlap", "5", "-dist", "pearson", "-evalue", "-thresh", "1",
          "-no-ssc", "memechip_out/meme_out/meme.xml",
          "/Users/bethkrizek/ChIPSeq/motif_databasesforMEME/motif_databases/ARABD/ArabidopsisDAPv1.meme"
        ],
        "options": {
          "strands": "both",
          "distance_measure": "pearson",
          "threshold_type": "evalue",
          "threshold_value": 1,
          "background_source": "--query--"
        },
        "alphabet": {
          "name": "DNA",
          "like": "dna",
          "ncore": 4,
          "symbols": [
            {
              "symbol": "A",
              "name": "Adenine",
              "colour": "CC0000",
              "complement": "T"
            }, {
              "symbol": "C",
              "name": "Cytosine",
              "colour": "0000CC",
              "complement": "G"
            }, {
              "symbol": "G",
              "name": "Guanine",
              "colour": "FFB300",
              "complement": "C"
            }, {
              "symbol": "T",
              "aliases": "U",
              "name": "Thymine",
              "colour": "008000",
              "complement": "A"
            }, {
              "symbol": "N",
              "aliases": "X.",
              "name": "Any base",
              "equals": "ACGT"
            }, {
              "symbol": "V",
              "name": "Not T",
              "equals": "ACG"
            }, {
              "symbol": "H",
              "name": "Not G",
              "equals": "ACT"
            }, {
              "symbol": "D",
              "name": "Not C",
              "equals": "AGT"
            }, {
              "symbol": "B",
              "name": "Not A",
              "equals": "CGT"
            }, {
              "symbol": "M",
              "name": "Amino",
              "equals": "AC"
            }, {
              "symbol": "R",
              "name": "Purine",
              "equals": "AG"
            }, {
              "symbol": "W",
              "name": "Weak",
              "equals": "AT"
            }, {
              "symbol": "S",
              "name": "Strong",
              "equals": "CG"
            }, {
              "symbol": "Y",
              "name": "Pyrimidine",
              "equals": "CT"
            }, {
              "symbol": "K",
              "name": "Keto",
              "equals": "GT"
            }
          ]
        },
        "background": [0.325, 0.175, 0.175, 0.325],
        "query_dbs": [
          {
            "source": "memechip_out/meme_out/meme.xml",
            "name": "meme.xml",
            "loaded": 5,
            "excluded": 0,
            "last_modified": "Mon Apr 27 10:36:16 2020"
          }
        ],
        "target_dbs": [
          {
            "source": "/Users/bethkrizek/ChIPSeq/motif_databasesforMEME/motif_databases/ARABD/ArabidopsisDAPv1.meme",
            "name": "ArabidopsisDAPv1",
            "loaded": 872,
            "excluded": 0,
            "last_modified": "Tue Aug 28 16:58:40 2018"
          }
        ],
        "queries": [
          {
            "db": 0,
            "id": "CACGTGDCKTBYKC",
            "alt": "MEME-3",
            "len": 14,
            "nsites": 50,
            "evalue": "6.0e-013",
            "pwm": [
              [0.000648702, 0.878593, 0.0801896, 0.0405689], 
              [0.938772, 0.0402695, 0.0203094, 0.000648702], 
              [0.000648702, 0.978393, 0.000349302, 0.0206088], 
              [0.0605289, 0.000349302, 0.898553, 0.0405689], 
              [0.000648702, 0.000349302, 0.000349302, 0.998653], 
              [0.000648702, 0.000349302, 0.978393, 0.0206088], 
              [0.22021, 0.12011, 0.29975, 0.35993], 
              [0.0206088, 0.738872, 0.17999, 0.0605289], 
              [0.120409, 0.16003, 0.419511, 0.30005], 
              [0.0405689, 0.16003, 0.25983, 0.539571], 
              [0.0605289, 0.21991, 0.339671, 0.37989], 
              [0.0206088, 0.25983, 0.19995, 0.519611], 
              [0.22021, 0.0602295, 0.459431, 0.26013], 
              [0.120409, 0.639072, 0.0402695, 0.20025]
            ]
          }, {
            "db": 0,
            "id": "CYTCTYTYTCTYTYTYTYYY",
            "alt": "MEME-1",
            "len": 20,
            "nsites": 198,
            "evalue": "1.4e-118",
            "pwm": [
              [0.0657879, 0.676515, 0.116192, 0.141507], 
              [0.126363, 0.24239, 0.161623, 0.469624], 
              [0.00521251, 0.26763, 0.0404719, 0.686686], 
              [0.0910272, 0.615939, 0.0354245, 0.25761], 
              [0.126363, 0.0455204, 0.0253286, 0.802789], 
              [0.000164058, 0.454404, 0.217151, 0.328281], 
              [0.0506436, 0.202006, 0.0101842, 0.737166], 
              [0.0960756, 0.31811, 0.0505678, 0.535248], 
              [0.0405477, 0.0909514, 0.0202801, 0.848221], 
              [0.000164058, 0.610891, 0.181815, 0.207131], 
              [0.0304518, 0.0152327, 0.00513679, 0.94918], 
              [0.0607395, 0.530124, 0.0202801, 0.388857], 
              [0.0910272, 0.126288, 8.83394e-05, 0.782597], 
              [0.0153084, 0.610891, 0.0505678, 0.323233], 
              [0.227322, 0.0354245, 0.0404719, 0.696782], 
              [0.146555, 0.444308, 0.0354245, 0.373712], 
              [0.0607395, 0.196959, 0.0455204, 0.696782], 
              [0.126363, 0.368589, 0.126288, 0.378761], 
              [0.0960756, 0.338302, 0.0202801, 0.545344], 
              [0.121315, 0.378685, 0.111143, 0.388857]
            ]
          }, {
            "db": 0,
            "id": "GGCACRHWTYYCRAKGMNN",
            "alt": "MEME-2",
            "len": 19,
            "nsites": 219,
            "evalue": "3.2e-186",
            "pwm": [
              [0.150765, 0.100491, 0.515826, 0.232919], 
              [0.191842, 0.00464379, 0.543211, 0.260304], 
              [0.000148334, 0.958546, 7.98723e-05, 0.0412256], 
              [0.629998, 0.0731055, 0.191773, 0.105123], 
              [0.0320967, 0.949418, 0.0183365, 0.000148334], 
              [0.447433, 0.0092077, 0.429108, 0.114251], 
              [0.401791, 0.237415, 0.159824, 0.20097], 
              [0.465689, 0.105055, 0.132439, 0.296817], 
              [0.182713, 0.109619, 0.0822344, 0.625434], 
              [0.214662, 0.447365, 0.0229005, 0.315073], 
              [0.118815, 0.4428, 7.98723e-05, 0.438304], 
              [0.0229689, 0.976803, 7.98723e-05, 0.000148334], 
              [0.438304, 0.0776704, 0.378902, 0.105123], 
              [0.963179, 0.0229005, 0.0137726, 0.000148334], 
              [0.173585, 0.0867983, 0.315004, 0.424613], 
              [0.25574, 0.0092077, 0.716648, 0.018405], 
              [0.337894, 0.378902, 0.0959261, 0.187278], 
              [0.287688, 0.264799, 0.296748, 0.150765], 
              [0.310509, 0.255671, 0.241978, 0.191842]
            ]
          }, {
            "db": 0,
            "id": "RAAAAAAAWAAAARWWVAAAR",
            "alt": "MEME-4",
            "len": 21,
            "nsites": 47,
            "evalue": "1.9e-009",
            "pwm": [
              [0.552707, 0.000371551, 0.340075, 0.106847], 
              [0.849947, 0.000371551, 0.064066, 0.0856153], 
              [0.680095, 0.212686, 0.106529, 0.000690021], 
              [0.74379, 0.000371551, 0.255148, 0.000690021], 
              [0.552707, 0.0852969, 0.212686, 0.14931], 
              [0.871178, 0.000371551, 0.127761, 0.000690021], 
              [0.807484, 0.064066, 0.106529, 0.0219218], 
              [0.531476, 0.191454, 0.255148, 0.0219218], 
              [0.425319, 0.170223, 0.127761, 0.276699], 
              [0.849947, 0.000371551, 0.000371551, 0.14931], 
              [0.722558, 0.000371551, 0.27638, 0.000690021], 
              [0.998567, 0.000371551, 0.000371551, 0.000690021], 
              [0.849947, 0.000371551, 0.148991, 0.000690021], 
              [0.467781, 0.000371551, 0.446232, 0.0856153], 
              [0.382856, 0.106529, 0.106529, 0.404087], 
              [0.552707, 0.000371551, 0.127761, 0.319161], 
              [0.44655, 0.27638, 0.27638, 0.000690021], 
              [0.807484, 0.000371551, 0.191454, 0.000690021], 
              [0.871178, 0.000371551, 0.106529, 0.0219218], 
              [0.998567, 0.000371551, 0.000371551, 0.000690021], 
              [0.319161, 0.170223, 0.403768, 0.106847]
            ]
          }, {
            "db": 0,
            "id": "TGTGWGTRTGKGTGT",
            "alt": "MEME-5",
            "len": 15,
            "nsites": 18,
            "evalue": "3.1e+002",
            "pwm": [
              [0.00179558, 0.111464, 0.000966852, 0.885774], 
              [0.00179558, 0.000966852, 0.995442, 0.00179558], 
              [0.00179558, 0.27721, 0.000966852, 0.720027], 
              [0.167542, 0.0562159, 0.719199, 0.0570446], 
              [0.388536, 0.0562159, 0.000966852, 0.554282], 
              [0.0570446, 0.27721, 0.663951, 0.00179558], 
              [0.00179558, 0.111464, 0.000966852, 0.885774], 
              [0.388536, 0.000966852, 0.553453, 0.0570446], 
              [0.0570446, 0.000966852, 0.000966852, 0.941022], 
              [0.00179558, 0.111464, 0.829696, 0.0570446], 
              [0.00179558, 0.000966852, 0.332458, 0.664779], 
              [0.112293, 0.000966852, 0.884945, 0.00179558], 
              [0.22279, 0.000966852, 0.000966852, 0.775276], 
              [0.0570446, 0.000966852, 0.884945, 0.0570446], 
              [0.22279, 0.000966852, 0.166713, 0.60953]
            ]
          }
        ],
        "targets": [
          {
            "db": 0,
            "id": "ABI3VP1_tnt.AT5G60130_col_a_m1",
            "alt": "AT5G60130",
            "len": 19,
            "nsites": 600,
            "evalue": "4.9e-949",
            "url": "http://neomorph.salk.edu/dap_web/pages/browse_table_aj.php?AGI=AT5G60130",
            "pwm": [
              [0.701604, 0.0516876, 0.138339, 0.108369], 
              [0.773258, 0.0300242, 0.0950133, 0.101704], 
              [0.0350483, 0.0200258, 0.896547, 0.0483791], 
              [0.201688, 0.459953, 0.213327, 0.125033], 
              [0.886573, 0.0316909, 0.05502, 0.0267167], 
              [0.849913, 0.00169588, 0.0400225, 0.108369], 
              [0.788256, 2.91619e-05, 0.0150267, 0.196688], 
              [0.626617, 0.0366901, 0.0433549, 0.293338], 
              [0.361661, 0.194997, 0.136673, 0.30667], 
              [0.368326, 0.264985, 0.120009, 0.24668], 
              [0.248346, 0.13334, 0.145005, 0.473308], 
              [0.729933, 0.0366901, 0.140006, 0.0933716], 
              [0.834915, 0.0100275, 0.0400225, 0.115035], 
              [0.0217175, 2.91619e-05, 0.938206, 0.0400475], 
              [0.190022, 0.439956, 0.258319, 0.111703], 
              [0.899904, 0.0400225, 0.0183591, 0.0417142], 
              [0.861578, 0.025025, 0.0416892, 0.0717092], 
              [0.794922, 0.0300242, 0.0183591, 0.156695], 
              [0.64328, 0.0400225, 0.0433549, 0.273342]
            ]
          }, {
            "db": 0,
            "id": "ABI3VP1_tnt.AT5G60130_colamp_a_m1",
            "alt": "AT5G60130",
            "len": 21,
            "nsites": 155,
            "evalue": "1.4e-453",
            "url": "http://neomorph.salk.edu/dap_web/pages/browse_table_aj.php?AGI=AT5G60130",
            "pwm": [
              [0.309687, 0.0774819, 0.258011, 0.35482], 
              [0.174291, 0.000112831, 0.000112831, 0.825483], 
              [0.0840265, 0.00656067, 0.00656067, 0.902853], 
              [0.0582371, 0.0194554, 0.00656067, 0.915748], 
              [0.000209542, 0.000112831, 0.000112831, 0.999565], 
              [0.0646839, 0.245116, 0.561041, 0.129158], 
              [0.0131042, 0.915651, 0.000112831, 0.0711318], 
              [0.0324467, 0.0452447, 0.000112831, 0.922196], 
              [0.0259989, 0.0774819, 0.0194554, 0.877063], 
              [0.696534, 0.0774819, 0.0645872, 0.161396], 
              [0.271003, 0.0387979, 0.129062, 0.561138], 
              [0.30324, 0.129062, 0.264458, 0.30324], 
              [0.154949, 0.000112831, 0.0259022, 0.819036], 
              [0.103369, 0.000112831, 0.0259022, 0.870616], 
              [0.0195521, 0.000112831, 0.00656067, 0.973775], 
              [0.0131042, 0.000112831, 0.000112831, 0.98667], 
              [0.0517893, 0.116167, 0.780255, 0.0517893], 
              [0.0195521, 0.915651, 0.000112831, 0.0646839], 
              [0.0131042, 0.0194554, 0.0130075, 0.954433], 
              [0.0324467, 0.154852, 0.0130075, 0.799694], 
              [0.65785, 0.109719, 0.0774819, 0.154949]
            ]
          }, {
            "db": 0,
            "id": "ABI3VP1_tnt.FUS3_col_a_m1",
            "alt": "FUS3",
            "len": 15,
            "nsites": 589,
            "evalue": "1.6e-1140",
            "url": "http://neomorph.salk.edu/dap_web/pages/browse_table_aj.php?AGI=FUS3",
            "pwm": [
              [0.541559, 0.12904, 0.105275, 0.224126], 
              [0.273354, 0.263143, 0.106973, 0.356532], 
              [0.580602, 0.0798122, 0.159596, 0.179991], 
              [0.15283, 0.200336, 0.0560472, 0.590787], 
              [0.460079, 0.0849053, 0.390455, 0.0645602], 
              [5.51688e-05, 0.99986, 2.97064e-05, 5.51688e-05], 
              [0.999885, 2.97064e-05, 2.97064e-05, 5.51688e-05], 
              [5.51688e-05, 2.97064e-05, 2.97064e-05, 0.999885], 
              [0.0051473, 0.00172742, 0.99307, 5.51688e-05], 
              [5.51688e-05, 0.99986, 2.97064e-05, 5.51688e-05], 
              [0.998188, 2.97064e-05, 0.00172742, 5.51688e-05], 
              [0.349741, 0.0509551, 0.0390721, 0.560232], 
              [0.351439, 0.098485, 0.388759, 0.161318], 
              [0.229218, 0.376876, 0.130738, 0.263168], 
              [0.558534, 0.106973, 0.130738, 0.203756]
            ]
          }, {
            "db": 0,
            "id": "ABI3VP1_tnt.VRN1_col_a_m1",
            "alt": "VRN1",
            "len": 29,
            "nsites": 575,
            "evalue": "4.9e-3494",
            "url": "http://neomorph.salk.edu/dap_web/pages/browse_table_aj.php?AGI=VRN1",
            "pwm": [
              [0.196544, 0.106099, 0.102622, 0.594736], 
              [0.177417, 0.132181, 0.0748004, 0.615601], 
              [0.198283, 0.102622, 0.0661059, 0.632989], 
              [0.0748265, 0.0817552, 0.170436, 0.672982], 
              [0.116558, 0.102622, 0.0174184, 0.763402], 
              [0.08352, 0.00872492, 0.0678446, 0.83991], 
              [0.0174445, 0.0904497, 0.0382848, 0.853821], 
              [0.0400496, 0.031329, 0.031329, 0.897291], 
              [0.0609159, 3.04296e-05, 0.0400235, 0.89903], 
              [0.0157058, 0.0261129, 3.04296e-05, 0.958151], 
              [5.65118e-05, 3.04296e-05, 0.0243742, 0.975539], 
              [0.0104897, 0.0261129, 3.04296e-05, 0.963367], 
              [0.0104897, 0.00698622, 0.00872492, 0.9738], 
              [0.00353391, 0.00698622, 0.0174184, 0.972061], 
              [0.0139671, 3.04296e-05, 0.013941, 0.972061], 
              [0.0174445, 0.00872492, 3.04296e-05, 0.9738], 
              [5.65118e-05, 0.0122023, 3.04296e-05, 0.987711], 
              [5.65118e-05, 0.013941, 3.04296e-05, 0.985972], 
              [5.65118e-05, 0.00350782, 0.00698622, 0.989449], 
              [0.00353391, 3.04296e-05, 0.0104636, 0.985972], 
              [5.65118e-05, 3.04296e-05, 3.04296e-05, 0.999883], 
              [5.65118e-05, 0.00524652, 3.04296e-05, 0.994667], 
              [5.65118e-05, 3.04296e-05, 3.04296e-05, 0.999883], 
              [0.00764819, 0.000263389, 0.00374078, 0.988348], 
              [5.65118e-05, 0.0295903, 0.00872492, 0.961628], 
              [0.0052726, 0.0174184, 0.0626285, 0.91468], 
              [0.0574375, 3.04296e-05, 0.332147, 0.610385], 
              [0.121774, 0.0295903, 0.16348, 0.685154], 
              [0.145016, 0.360201, 0.231527, 0.263256]
            ]
          }, {
            "db": 0,
            "id": "ABI3VP1_tnt.VRN1_colamp_a_m1",
            "alt": "VRN1",
            "len": 19,
            "nsites": 373,
            "evalue": "8.8e-964",
            "url": "http://neomorph.salk.edu/dap_web/pages/browse_table_aj.php?AGI=VRN1",
            "pwm": [
              [0.227908, 0.329718, 0.284153, 0.158222], 
              [0.396764, 0.00540747, 0.010768, 0.587061], 
              [0.00544767, 0.198385, 0.434246, 0.36192], 
              [0.147501, 0.14746, 0.131379, 0.57366], 
              [0.0670931, 0.010768, 0.0536515, 0.868487], 
              [8.71079e-05, 0.00540747, 0.0188089, 0.975697], 
              [8.71079e-05, 4.69044e-05, 0.0134483, 0.986418], 
              [8.71079e-05, 4.69044e-05, 0.0188089, 0.981057], 
              [8.71079e-05, 4.69044e-05, 4.69044e-05, 0.999819], 
              [8.71079e-05, 0.010768, 0.00540747, 0.983737], 
              [8.71079e-05, 4.69044e-05, 0.0134483, 0.986418], 
              [8.71079e-05, 4.69044e-05, 0.00808775, 0.991778], 
              [8.71079e-05, 0.0375708, 0.0697332, 0.892609], 
              [8.71079e-05, 0.115298, 0.14478, 0.739835], 
              [0.0108082, 0.131379, 0.117977, 0.739835], 
              [0.0242096, 0.109937, 0.120658, 0.745195], 
              [0.0161688, 0.120658, 0.227868, 0.635306], 
              [0.115338, 0.107257, 0.36188, 0.415526], 
              [0.123378, 0.211786, 0.278792, 0.386043]
            ]
          }, {
            "db": 0,
            "id": "AP2EREBP_tnt.AIL7_col_a_m1",
            "alt": "AIL7",
            "len": 11,
            "nsites": 539,
            "evalue": "4.2e-413",
            "url": "http://neomorph.salk.edu/dap_web/pages/browse_table_aj.php?AGI=AIL7",
            "pwm": [
              [0.0204645, 0.955328, 0.00188712, 0.0223192], 
              [0.211524, 0.0315666, 0.704911, 0.0519986], 
              [0.33766, 0.191092, 0.293113, 0.178135], 
              [0.421132, 0.0853596, 0.0556811, 0.437827], 
              [0.159586, 0.0742307, 0.0204367, 0.745748], 
              [0.17257, 0.461914, 0.00374277, 0.361774], 
              [0.0612729, 0.571355, 3.24616e-05, 0.367339], 
              [6.02856e-05, 0.999847, 3.24616e-05, 6.02856e-05], 
              [0.246768, 0.0334213, 0.654828, 0.0649832], 
              [0.959066, 3.24616e-05, 3.24616e-05, 0.0408687], 
              [0.0594183, 0.0111624, 0.747575, 0.181845]
            ]
          }, {
            "db": 0,
            "id": "AP2EREBP_tnt.AIL7_colamp_a_m1",
            "alt": "AIL7",
            "len": 12,
            "nsites": 600,
            "evalue": "1.9e-555",
            "url": "http://neomorph.salk.edu/dap_web/pages/browse_table_aj.php?AGI=AIL7",
            "pwm": [
              [0.584957, 0.085015, 0.158336, 0.171693], 
              [0.036715, 0.903212, 0.0183591, 0.0417142], 
              [0.348329, 0.0366901, 0.544938, 0.0700425], 
              [0.476642, 0.145005, 0.213327, 0.165027], 
              [0.438314, 0.0683508, 0.0583524, 0.434982], 
              [0.158361, 0.0683508, 0.0200258, 0.753262], 
              [0.173358, 0.506612, 0.00669505, 0.313335], 
              [0.0267167, 0.581599, 2.91619e-05, 0.391656], 
              [0.00172088, 0.99653, 2.91619e-05, 0.00172088], 
              [0.241681, 0.05502, 0.634923, 0.0683758], 
              [0.998221, 2.91619e-05, 0.00169588, 5.41576e-05], 
              [0.0383808, 0.0100275, 0.73324, 0.218351]
            ]
          }, {
            "db": 0,
            "id": "AP2EREBP_tnt.PLT1_col_a_m1",
            "alt": "PLT1",
            "len": 19,
            "nsites": 195,
            "evalue": "1.3e-357",
            "url": "http://neomorph.salk.edu/dap_web/pages/browse_table_aj.php?AGI=PLT1",
            "pwm": [
              [0.153934, 0.0667225, 0.497271, 0.282073], 
              [0.215441, 0.0257176, 0.569029, 0.189813], 
              [0.0155437, 0.876563, 8.96978e-05, 0.107803], 
              [0.748501, 0.04622, 0.123104, 0.0821755], 
              [0.0104173, 0.958572, 0.0154668, 0.0155437], 
              [0.148808, 0.0205922, 0.79968, 0.0309198], 
              [0.302575, 0.210238, 0.328126, 0.159059], 
              [0.47172, 0.04622, 0.0820986, 0.399962], 
              [0.189813, 0.102601, 0.0257176, 0.681868], 
              [0.220567, 0.420387, 8.96978e-05, 0.358957], 
              [0.0667994, 0.528024, 0.00521507, 0.399962], 
              [0.000166581, 0.989326, 8.96978e-05, 0.0104173], 
              [0.241069, 0.04622, 0.645913, 0.0667994], 
              [0.968901, 8.96978e-05, 0.0308429, 0.000166581], 
              [0.0821755, 0.04622, 0.727921, 0.143683], 
              [0.389711, 0.0154668, 0.584405, 0.0104173], 
              [0.410212, 0.317876, 0.0513454, 0.220567], 
              [0.410212, 0.143606, 0.251243, 0.194939], 
              [0.369208, 0.169234, 0.276871, 0.184687]
            ]
          }, {
            "db": 0,
            "id": "AP2EREBP_tnt.PLT1_colamp_a_m1",
            "alt": "PLT1",
            "len": 14,
            "nsites": 487,
            "evalue": "4.0e-412",
            "url": "http://neomorph.salk.edu/dap_web/pages/browse_table_aj.php?AGI=PLT1",
            "pwm": [
              [0.219735, 0.0308306, 0.437318, 0.312118], 
              [0.0452324, 0.718574, 0.0164596, 0.219735], 
              [0.482514, 0.0985787, 0.223809, 0.195099], 
              [0.100662, 0.761687, 0.0493068, 0.0883446], 
              [0.310065, 0.067784, 0.53586, 0.086291], 
              [0.451719, 0.180697, 0.186856, 0.180728], 
              [0.437349, 0.0595717, 0.0883138, 0.414766], 
              [0.154039, 0.0780489, 0.0493068, 0.718605], 
              [0.162251, 0.550231, 0.0103008, 0.277217], 
              [0.0308614, 0.537913, 3.5927e-05, 0.431189], 
              [0.0390727, 0.958771, 0.00208851, 6.67213e-05], 
              [0.266952, 0.0390419, 0.656985, 0.0370201], 
              [0.987544, 0.00208851, 0.0103008, 6.67213e-05], 
              [0.0945033, 0.0164596, 0.751422, 0.137615]
            ]
          }, {
            "db": 0,
            "id": "AP2EREBP_tnt.PLT3_col_a_m1",
            "alt": "PLT3",
            "len": 15,
            "nsites": 531,
            "evalue": "5.3e-659",
            "url": "http://neomorph.salk.edu/dap_web/pages/browse_table_aj.php?AGI=PLT3",
            "pwm": [
              [0.0207733, 0.649629, 0.0301593, 0.29944], 
              [0.25425, 0.660925, 0.0245103, 0.0603138], 
              [0.00382648, 0.0452224, 0.00568189, 0.945269], 
              [0.0621965, 0.672222, 0.0621682, 0.203413], 
              [0.00382648, 0.0132135, 0.973485, 0.00947542], 
              [0.418061, 3.29506e-05, 0.523474, 0.0584302], 
              [0.314503, 0.0132135, 0.44816, 0.224124], 
              [0.692963, 0.0301593, 0.0866456, 0.190232], 
              [0.419944, 0.0452224, 0.0772314, 0.457602], 
              [0.180818, 0.288115, 0.182673, 0.348395], 
              [0.0697281, 0.700466, 0.0320419, 0.197764], 
              [0.043368, 0.020745, 0.890637, 0.0452507], 
              [0.156341, 0.146898, 0.111123, 0.585638], 
              [0.184583, 0.026393, 0.726826, 0.0621965], 
              [0.246719, 0.489583, 0.0452224, 0.218476]
            ]
          }, {
            "db": 0,
            "id": "BBRBPC_tnt.BPC1_col_a_m1",
            "alt": "BPC1",
            "len": 24,
            "nsites": 539,
            "evalue": "3.9e-3844",
            "url": "http://neomorph.salk.edu/dap_web/pages/browse_table_aj.php?AGI=BPC1",
            "pwm": [
              [0.152166, 0.0334213, 0.780964, 0.0334491], 
              [0.895998, 0.00745209, 0.0538255, 0.0427244], 
              [0.0148995, 0.0278563, 0.89597, 0.0612729], 
              [0.929387, 3.24616e-05, 0.0334213, 0.0371594], 
              [0.124341, 0.0167274, 0.831047, 0.0278841], 
              [0.927532, 3.24616e-05, 0.072375, 6.02856e-05], 
              [0.0798225, 0.0315666, 0.855162, 0.0334491], 
              [0.886723, 0.00559743, 0.0816503, 0.0260295], 
              [0.0724029, 3.24616e-05, 0.894116, 0.0334491], 
              [0.964631, 0.0111624, 0.00374277, 0.0204645], 
              [0.050144, 0.00374277, 0.942344, 0.0037706], 
              [0.960921, 0.0204367, 0.00559743, 0.0130449], 
              [0.115067, 0.0167274, 0.834757, 0.0334491], 
              [0.853334, 3.24616e-05, 0.103909, 0.0427244], 
              [0.100228, 3.24616e-05, 0.857016, 0.0427244], 
              [0.899707, 3.24616e-05, 0.1002, 6.02856e-05], 
              [0.0761132, 0.018582, 0.866291, 0.0390141], 
              [0.942371, 3.24616e-05, 0.0167274, 0.0408687], 
              [0.131761, 0.00374277, 0.851451, 0.0130449], 
              [0.886723, 0.0222913, 0.0649554, 0.0260295], 
              [0.135471, 0.0352759, 0.816208, 0.0130449], 
              [0.834784, 0.0278563, 0.072375, 0.0649832], 
              [0.0872431, 0.0371316, 0.792094, 0.0835328], 
              [0.808815, 0.0408409, 0.0797947, 0.0705482]
            ]
          }, {
            "db": 0,
            "id": "BBRBPC_tnt.BPC1_colamp_a_m1",
            "alt": "BPC1",
            "len": 15,
            "nsites": 598,
            "evalue": "1.5e-2331",
            "url": "http://neomorph.salk.edu/dap_web/pages/browse_table_aj.php?AGI=BPC1",
            "pwm": [
              [0.128796, 0.66547, 0.0234363, 0.182298], 
              [0.0869968, 0.0886434, 0.0401565, 0.784204], 
              [0.050213, 0.782507, 0.0418283, 0.125451], 
              [0.0334937, 0.073596, 2.92594e-05, 0.892882], 
              [0.0268059, 0.635375, 0.0200929, 0.317727], 
              [5.43387e-05, 0.0200929, 2.92594e-05, 0.979823], 
              [0.0151018, 0.956391, 0.00170098, 0.0268059], 
              [0.0050705, 0.00504542, 2.92594e-05, 0.989856], 
              [0.0167735, 0.963079, 0.00504542, 0.0151018], 
              [5.43387e-05, 2.92594e-05, 2.92594e-05, 0.999887], 
              [0.00339778, 0.874465, 0.00838886, 0.113747], 
              [0.00841394, 0.0100606, 2.92594e-05, 0.981495], 
              [0.00339778, 0.919607, 0.0167485, 0.0602453], 
              [0.00172606, 0.0769394, 0.00170098, 0.919633], 
              [0.157219, 0.56348, 0.0117333, 0.267569]
            ]
          }, {
            "db": 0,
            "id": "BBRBPC_tnt.BPC5_col_a_m1",
            "alt": "BPC5",
            "len": 30,
            "nsites": 102,
            "evalue": "1.0e-1327",
            "url": "http://neomorph.salk.edu/dap_web/pages/browse_table_aj.php?AGI=BPC5",
            "pwm": [
              [0.930779, 0.000171401, 0.0687312, 0.000318315], 
              [0.0297015, 0.000171401, 0.969809, 0.000318315], 
              [0.999339, 0.000171401, 0.000171401, 0.000318315], 
              [0.0199071, 0.000171401, 0.960014, 0.0199071], 
              [0.97975, 0.000171401, 0.000171401, 0.0199071], 
              [0.0101127, 0.000171401, 0.969809, 0.0199071], 
              [0.969956, 0.000171401, 0.000171401, 0.0297015], 
              [0.000318315, 0.0099658, 0.979603, 0.0101127], 
              [0.969956, 0.000171401, 0.0197602, 0.0101127], 
              [0.0101127, 0.0099658, 0.979603, 0.000318315], 
              [0.999339, 0.000171401, 0.000171401, 0.000318315], 
              [0.000318315, 0.000171401, 0.999192, 0.000318315], 
              [0.999339, 0.000171401, 0.000171401, 0.000318315], 
              [0.0394959, 0.000171401, 0.95022, 0.0101127], 
              [0.989544, 0.000171401, 0.0099658, 0.000318315], 
              [0.0199071, 0.000171401, 0.979603, 0.000318315], 
              [0.989544, 0.000171401, 0.0099658, 0.000318315], 
              [0.0101127, 0.0099658, 0.979603, 0.000318315], 
              [0.960161, 0.000171401, 0.0099658, 0.0297015], 
              [0.0101127, 0.0099658, 0.969809, 0.0101127], 
              [0.989544, 0.000171401, 0.0099658, 0.000318315], 
              [0.000318315, 0.0099658, 0.989398, 0.000318315], 
              [0.97975, 0.000171401, 0.000171401, 0.0199071], 
              [0.0101127, 0.0099658, 0.969809, 0.0101127], 
              [0.960161, 0.000171401, 0.0295546, 0.0101127], 
              [0.0101127, 0.0099658, 0.969809, 0.0101127], 
              [0.960161, 0.000171401, 0.000171401, 0.0394959], 
              [0.000318315, 0.039349, 0.960014, 0.000318315], 
              [0.97975, 0.0197602, 0.000171401, 0.000318315], 
              [0.0492903, 0.0295546, 0.891455, 0.0297015]
            ]
          }, {
            "db": 0,
            "id": "BBRBPC_tnt.BPC5_colamp_a_m1",
            "alt": "BPC5",
            "len": 29,
            "nsites": 50,
            "evalue": "6.7e-260",
            "url": "http://neomorph.salk.edu/dap_web/pages/browse_table_aj.php?AGI=BPC5",
            "pwm": [
              [0.37989, 0.10015, 0.439471, 0.080489], 
              [0.659331, 0.0602295, 0.27979, 0.000648702], 
              [0.28009, 0.10015, 0.539271, 0.080489], 
              [0.599451, 0.12011, 0.23987, 0.0405689], 
              [0.28009, 0.14007, 0.499351, 0.080489], 
              [0.559531, 0.14007, 0.16003, 0.140369], 
              [0.33997, 0.000349302, 0.519311, 0.140369], 
              [0.659331, 0.0602295, 0.23987, 0.0405689], 
              [0.180289, 0.0402695, 0.778792, 0.000648702], 
              [0.799052, 0.000349302, 0.000349302, 0.20025], 
              [0.0405689, 0.0402695, 0.818713, 0.100449], 
              [0.719212, 0.10015, 0.14007, 0.0405689], 
              [0.26013, 0.000349302, 0.718912, 0.0206088], 
              [0.739172, 0.0402695, 0.17999, 0.0405689], 
              [0.0605289, 0.0203094, 0.838673, 0.080489], 
              [0.819012, 0.000349302, 0.0602295, 0.120409], 
              [0.120409, 0.000349302, 0.878593, 0.000648702], 
              [0.938772, 0.000349302, 0.0602295, 0.000648702], 
              [0.180289, 0.000349302, 0.798752, 0.0206088], 
              [0.918812, 0.000349302, 0.0801896, 0.000648702], 
              [0.140369, 0.0203094, 0.838673, 0.000648702], 
              [0.978693, 0.000349302, 0.000349302, 0.0206088], 
              [0.080489, 0.000349302, 0.898553, 0.0206088], 
              [0.858932, 0.0203094, 0.12011, 0.000648702], 
              [0.160329, 0.000349302, 0.798752, 0.0405689], 
              [0.958733, 0.000349302, 0.0402695, 0.000648702], 
              [0.0605289, 0.000349302, 0.938473, 0.000648702], 
              [0.998653, 0.000349302, 0.000349302, 0.000648702], 
              [0.080489, 0.0602295, 0.838673, 0.0206088]
            ]
          }, {
            "db": 0,
            "id": "BBRBPC_tnt.BPC6_col_a_m1",
            "alt": "BPC6",
            "len": 21,
            "nsites": 188,
            "evalue": "9.7e-1194",
            "url": "http://neomorph.salk.edu/dap_web/pages/browse_table_aj.php?AGI=BPC6",
            "pwm": [
              [0.127765, 0.71248, 0.0107254, 0.14903], 
              [0.0958669, 0.101103, 9.30359e-05, 0.802937], 
              [0.069285, 0.856021, 0.0532558, 0.0214385], 
              [0.0799174, 0.0373072, 0.0266749, 0.8561], 
              [0.0639688, 0.75501, 0.0373072, 0.143713], 
              [0.0320708, 0.0107254, 0.0266749, 0.930529], 
              [0.00017278, 0.850705, 0.0160416, 0.133081], 
              [0.0108051, 0.0319911, 0.00540921, 0.951795], 
              [0.00548895, 0.941082, 0.0107254, 0.0427032], 
              [0.00017278, 0.00540921, 9.30359e-05, 0.994325], 
              [0.00548895, 0.893235, 9.30359e-05, 0.101183], 
              [0.0108051, 9.30359e-05, 9.30359e-05, 0.989009], 
              [0.0108051, 0.988929, 9.30359e-05, 0.00017278], 
              [0.00017278, 0.00540921, 9.30359e-05, 0.994325], 
              [0.0639688, 0.898551, 9.30359e-05, 0.037387], 
              [0.0214385, 0.0160416, 9.30359e-05, 0.962427], 
              [0.0639688, 0.893235, 0.0266749, 0.0161213], 
              [0.0427032, 0.0319911, 9.30359e-05, 0.925213], 
              [0.0320708, 0.903867, 9.30359e-05, 0.0639688], 
              [0.0161213, 0.0107254, 0.0107254, 0.962427], 
              [0.265988, 0.654, 0.00540921, 0.0746012]
            ]
          }, {
            "db": 0,
            "id": "BZR_tnt.At1g78700_colamp_a_m1",
            "alt": "At1g78700",
            "len": 15,
            "nsites": 140,
            "evalue": "5.9e-274",
            "url": "http://neomorph.salk.edu/dap_web/pages/browse_table_aj.php?AGI=At1g78700",
            "pwm": [
              [0.157263, 0.328461, 0.278497, 0.235778], 
              [0.0501963, 0.549732, 0.0429513, 0.35712], 
              [0.342844, 0.0358134, 0.62111, 0.000231977], 
              [0.000231977, 0.999411, 0.000124911, 0.000231977], 
              [0.999518, 0.000124911, 0.000124911, 0.000231977], 
              [0.000231977, 0.999411, 0.000124911, 0.000231977], 
              [0.000231977, 0.000124911, 0.999411, 0.000231977], 
              [0.000231977, 0.000124911, 0.000124911, 0.999518], 
              [0.000231977, 0.000124911, 0.999411, 0.000231977], 
              [0.0930227, 0.185706, 0.0500892, 0.671182], 
              [0.07161, 0.164294, 0.642523, 0.121574], 
              [0.264329, 0.199982, 0.235671, 0.300018], 
              [0.428497, 0.171432, 0.20712, 0.192951], 
              [0.121574, 0.192844, 0.214258, 0.471324], 
              [0.150125, 0.192844, 0.199982, 0.457049]
            ]
          }, {
            "db": 0,
            "id": "BZR_tnt.At4g18890_col_a_m1",
            "alt": "At4g18890",
            "len": 11,
            "nsites": 590,
            "evalue": "1.3e-1334",
            "url": "http://neomorph.salk.edu/dap_web/pages/browse_table_aj.php?AGI=At4g18890",
            "pwm": [
              [0.00513921, 0.540616, 0.0728983, 0.381346], 
              [0.303394, 0.0474796, 0.649073, 5.50753e-05], 
              [5.50753e-05, 0.998165, 2.96561e-05, 0.00174979], 
              [0.999886, 2.96561e-05, 2.96561e-05, 5.50753e-05], 
              [5.50753e-05, 0.99986, 2.96561e-05, 5.50753e-05], 
              [0.00174979, 2.96561e-05, 0.998165, 5.50753e-05], 
              [0.00174979, 2.96561e-05, 2.96561e-05, 0.998191], 
              [5.50753e-05, 2.96561e-05, 0.99986, 5.50753e-05], 
              [0.0864814, 0.125432, 0.101707, 0.68638], 
              [0.101733, 0.237277, 0.572814, 0.0881761], 
              [0.405071, 0.154241, 0.303368, 0.13732]
            ]
          }, {
            "db": 0,
            "id": "C2C2dof_tnt.AT1G47655_colamp_a_m1",
            "alt": "AT1G47655",
            "len": 15,
            "nsites": 571,
            "evalue": "6.0e-356",
            "url": "http://neomorph.salk.edu/dap_web/pages/browse_table_aj.php?AGI=AT1G47655",
            "pwm": [
              [0.0876076, 0.32922, 0.108593, 0.47458], 
              [0.131383, 0.36424, 3.06427e-05, 0.504347], 
              [0.073599, 0.19089, 0.0718221, 0.663689], 
              [0.0893583, 0.0823282, 0.0525604, 0.775753], 
              [0.0263223, 0.210152, 0.021043, 0.742484], 
              [0.136635, 0.115597, 0.13836, 0.609407], 
              [0.227688, 0.169878, 0.234666, 0.367769], 
              [5.69076e-05, 0.964836, 0.00878611, 0.0263223], 
              [5.69076e-05, 0.0735728, 3.06427e-05, 0.92634], 
              [5.69076e-05, 0.021043, 3.06427e-05, 0.978869], 
              [0.00706068, 0.089332, 3.06427e-05, 0.903577], 
              [0.164651, 0.110344, 0.106842, 0.618163], 
              [0.050836, 0.18914, 0.143613, 0.616411], 
              [0.0928607, 0.320465, 0.241669, 0.345005], 
              [0.203173, 0.2084, 0.126104, 0.462323]
            ]
          }, {
            "db": 0,
            "id": "C2C2dof_tnt.AT1G69570_col_a_m1",
            "alt": "AT1G69570",
            "len": 27,
            "nsites": 596,
            "evalue": "4.8e-893",
            "url": "http://neomorph.salk.edu/dap_web/pages/browse_table_aj.php?AGI=AT1G69570",
            "pwm": [
              [0.219817, 0.201338, 0.0956513, 0.483194], 
              [0.23156, 0.142622, 0.104039, 0.521779], 
              [0.152714, 0.085585, 0.13759, 0.624111], 
              [0.125872, 0.0704875, 0.189595, 0.614046], 
              [0.114129, 0.44123, 0.0369362, 0.407704], 
              [0.58385, 0.120814, 0.135913, 0.159424], 
              [5.4521e-05, 0.999862, 2.93576e-05, 5.4521e-05], 
              [5.4521e-05, 0.0402906, 2.93576e-05, 0.959626], 
              [5.4521e-05, 0.00673923, 2.93576e-05, 0.993177], 
              [5.4521e-05, 2.93576e-05, 2.93576e-05, 0.999887], 
              [0.149358, 0.0352584, 0.0134501, 0.801933], 
              [0.13426, 0.172819, 0.100683, 0.592237], 
              [0.164457, 0.419422, 0.0990058, 0.317115], 
              [0.13426, 0.253343, 0.0503569, 0.562041], 
              [0.109096, 0.134235, 0.0352584, 0.72141], 
              [0.110774, 0.104039, 0.0419683, 0.743219], 
              [0.140971, 0.100683, 0.0570668, 0.701279], 
              [0.162779, 0.182885, 0.0604222, 0.593915], 
              [0.130905, 0.238244, 0.100683, 0.530167], 
              [0.191297, 0.184562, 0.085585, 0.538555], 
              [0.122517, 0.167786, 0.114104, 0.595593], 
              [0.13426, 0.13759, 0.0939736, 0.634176], 
              [0.166134, 0.127525, 0.0872627, 0.619079], 
              [0.20304, 0.166108, 0.0990058, 0.531844], 
              [0.191297, 0.149333, 0.135913, 0.523457], 
              [0.224849, 0.164432, 0.122492, 0.488228], 
              [0.256722, 0.204693, 0.0805528, 0.458032]
            ]
          }, {
            "db": 0,
            "id": "C2C2dof_tnt.AT1G69570_colamp_a_m1",
            "alt": "AT1G69570",
            "len": 21,
            "nsites": 598,
            "evalue": "1.6e-663",
            "url": "http://neomorph.salk.edu/dap_web/pages/browse_table_aj.php?AGI=AT1G69570",
            "pwm": [
              [0.414701, 0.163882, 0.172241, 0.249177], 
              [0.476564, 0.135459, 0.155521, 0.232456], 
              [0.573537, 0.147162, 0.167225, 0.112076], 
              [0.573537, 0.100346, 0.143818, 0.182298], 
              [0.50833, 0.143818, 0.23076, 0.117092], 
              [0.521706, 0.112051, 0.157194, 0.209049], 
              [0.523378, 0.0936586, 0.244135, 0.138827], 
              [0.513347, 0.085299, 0.24748, 0.153875], 
              [0.627039, 0.0635636, 0.135459, 0.173938], 
              [0.715654, 0.0401565, 0.135459, 0.108732], 
              [0.667167, 0.0919869, 0.147162, 0.0936837], 
              [0.556817, 0.0953313, 0.220728, 0.127123], 
              [0.287631, 0.143818, 0.43474, 0.133811], 
              [0.58524, 0.130442, 0.15385, 0.130468], 
              [0.718998, 0.0267808, 0.0418283, 0.212394], 
              [0.999887, 2.92594e-05, 2.92594e-05, 5.43387e-05], 
              [0.999887, 2.92594e-05, 2.92594e-05, 5.43387e-05], 
              [0.979823, 2.92594e-05, 0.0200929, 5.43387e-05], 
              [5.43387e-05, 2.92594e-05, 0.999862, 5.43387e-05], 
              [0.0853241, 0.183945, 0.150506, 0.580225], 
              [0.339463, 0.0401565, 0.488242, 0.132139]
            ]
          }, {
            "db": 0,
            "id": "C2C2dof_tnt.AT2G28810_col_a_m1",
            "alt": "AT2G28810",
            "len": 21,
            "nsites": 600,
            "evalue": "2.6e-647",
            "url": "http://neomorph.salk.edu/dap_web/pages/browse_table_aj.php?AGI=AT2G28810",
            "pwm": [
              [0.173358, 0.186665, 0.116677, 0.5233], 
              [0.175025, 0.214993, 0.101679, 0.508302], 
              [0.198354, 0.289981, 0.0833483, 0.428316], 
              [0.14503, 0.213327, 0.0583524, 0.58329], 
              [0.161694, 0.188331, 0.0650183, 0.584957], 
              [0.166693, 0.171668, 0.0650183, 0.596622], 
