<!DOCTYPE HTML>
<html>
  <head>
    <meta charset="UTF-8">
    <title>SpaMo - Spaced Motif Analysis</title>
    <script type="text/javascript">
      //@JSON_VAR data
      var data = {"program":"SpaMo","version":"5.0.5","revision":"2602eb5a24d0c444a8305471767f91d5a73a7cea","release":"Mon Mar 18 20:12:19 2019 -0700","host":"COBIOL716b18e.local","when":"Mon Apr 27 12:22:52 2020","cmd":["spamo","-verbosity","1","-oc","memechip_out/spamo_out_1","-bgfile","memechip_out/background","-keepprimary","-primary","YYTYTYTYTYTYTYTYTYYYY","memechip_out/allANTchrpeaksseq.fasta","memechip_out/meme_out/meme.xml","memechip_out/meme_out/meme.xml","memechip_out/dreme_out/dreme.xml","/Users/bethkrizek/ChIPSeq/motif_databasesforMEME/motif_databases/ARABD/ArabidopsisDAPv1.meme"],"options":{"seq_min_hit_score":7,"margin":150,"bin_size":1,"bin_pvalue_calc_range":150,"use_best_secondary":0,"seq_max_shared_fract":0.5,"seq_odds_ratio":20,"bin_pvalue_cutoff":0.05,"motif_evalue_cutoff":10,"redundant_overlap":2,"redundant_joint":0.5,"motif_pseudocount":0.1,"bgfile":"memechip_out/background","motif_trim":0.25,"xalph":0,"seed":1,"bin_max":30},"alphabet":{"name":"DNA","like":"dna","ncore":4,"symbols":[{"symbol":"A","name":"Adenine","colour":"CC0000","complement":"T"},{"symbol":"C","name":"Cytosine","colour":"0000CC","complement":"G"},{"symbol":"G","name":"Guanine","colour":"FFB300","complement":"C"},{"symbol":"T","aliases":"U","name":"Thymine","colour":"008000","complement":"A"},{"symbol":"N","aliases":"X.","name":"Any base","equals":"ACGT"},{"symbol":"V","name":"Not T","equals":"ACG"},{"symbol":"H","name":"Not G","equals":"ACT"},{"symbol":"D","name":"Not C","equals":"AGT"},{"symbol":"B","name":"Not A","equals":"CGT"},{"symbol":"M","name":"Amino","equals":"AC"},{"symbol":"R","name":"Purine","equals":"AG"},{"symbol":"W","name":"Weak","equals":"AT"},{"symbol":"S","name":"Strong","equals":"CG"},{"symbol":"Y","name":"Pyrimidine","equals":"CT"},{"symbol":"K","name":"Keto","equals":"GT"}]},"background":[0.3282,0.1718,0.1718,0.3282],"sequence_dbs":[{"source":"memechip_out/allANTchrpeaksseq.fasta","name":"allANTchrpeaksseq","last_modified":"Fri Apr 24 14:14:05 2020","loaded":2631,"excluded_too_short":996,"excluded_no_match":624,"excluded_ambigs":0,"excluded_similar":2,"erased_primary_matches":0}],"primary_dbs":[{"source":"memechip_out/meme_out/meme.xml","name":"meme.xml","last_modified":"Mon Apr 27 12:17:43 2020","loaded":1,"excluded":4}],"secondary_dbs":[{"source":"memechip_out/meme_out/meme.xml","name":"meme.xml","last_modified":"Mon Apr 27 12:17:43 2020","loaded":5,"excluded":0},{"source":"memechip_out/dreme_out/dreme.xml","name":"dreme.xml","last_modified":"Mon Apr 27 12:22:34 2020","loaded":13,"excluded":0},{"source":"/Users/bethkrizek/ChIPSeq/motif_databasesforMEME/motif_databases/ARABD/ArabidopsisDAPv1.meme","name":"ArabidopsisDAPv1","last_modified":"Tue Aug 28 16:58:40 2018","loaded":872,"excluded":0}],"secondary_motifs":[{"db":0,"id":"YYTYTYTYTYTYTYTYTYYYY","alt":"MEME-1","len":21,"ltrim":0,"rtrim":0,"nsites":689,"evalue":"5.7e-194","pwm":[[0.0929221,0.471654,0.137886,0.297537],[0.158225,0.419412,0.0508156,0.371547],[0.165481,0.162555,2.49311e-05,0.671938],[0.0943739,0.461496,0.0899969,0.354132],[0.0145595,0.153849,0.0363037,0.795288],[0.104531,0.422315,0.158202,0.314951],[0.0276196,0.177067,0.00147572,0.793836],[0.0813128,0.576138,0.00147572,0.341072],[0.0261688,0.0537181,0.0493648,0.870748],[4.76273e-05,0.565981,2.49311e-05,0.433947],[4.76273e-05,0.169811,0.0188902,0.811251],[0.079862,0.507934,0.0435596,0.368644],[4.76273e-05,0.00292751,0.0392062,0.957819],[0.0668009,0.54131,0.0522673,0.339621],[0.143714,0.190128,2.49311e-05,0.666134],[4.76273e-05,0.39184,0.0783876,0.529724],[0.119043,0.248175,0.00873167,0.62405],[0.105983,0.296063,0.133533,0.464421],[0.117593,0.262687,0.152398,0.467324],[0.179993,0.349756,0.0174394,0.452812],[0.140811,0.312026,0.00873167,0.538431]]},{"db":2,"id":"AP2EREBP_tnt.ABR1_col_a_m1","alt":"ABR1","len":19,"ltrim":0,"rtrim":0,"nsites":600,"evalue":"8.7e-1154","url":"http://neomorph.salk.edu/dap_web/pages/browse_table_aj.php?AGI=ABR1","pwm":[[0.203354,0.0950128,0.528274,0.173359],[0.241681,0.125008,0.468284,0.165027],[0.233349,0.383298,0.160002,0.22335],[0.166694,0.106678,0.513276,0.213352],[0.301671,0.131674,0.474949,0.0917064],[0.394989,0.24832,0.131674,0.225017],[0.374992,0.0433544,0.309977,0.271676],[0.421651,0.0300236,0.321642,0.226684],[0.171693,0.161669,0.0233577,0.64328],[0.0983713,0.0250245,0.513276,0.363327],[0.250013,0.0450211,0.66825,0.0367156],[0.00338714,0.983198,2.86286e-05,0.0133855],[5.46908e-05,2.86286e-05,0.99653,0.00338714],[5.46908e-05,0.0200253,0.979865,5.46908e-05],[0.00672058,0.973199,2.86286e-05,0.0200514],[0.0083863,0.0166929,0.916543,0.058378],[0.0550455,0.174999,0.741572,0.028383],[0.326667,0.496613,0.0500203,0.126701],[0.110036,0.0600186,0.701579,0.128366]]},{"db":2,"id":"AP2EREBP_tnt.AT1G71450_col_a_m1","alt":"AT1G71450","len":20,"ltrim":0,"rtrim":0,"nsites":568,"evalue":"4.6e-855","url":"http://neomorph.salk.edu/dap_web/pages/browse_table_aj.php?AGI=AT1G71450","pwm":[[0.169042,0.62316,0.0493176,0.158481],[0.371471,0.132049,0.228863,0.267617],[0.095111,0.619639,0.0950835,0.190165],[0.0915907,0.734056,0.0651598,0.109194],[0.334506,3.02412e-05,0.445375,0.220089],[0.110953,0.674208,0.0246739,0.190165],[0.102153,0.756939,0.0246739,0.116234],[0.316903,0.058119,0.427772,0.197206],[0.110953,0.600277,0.0528379,0.235931],[0.116234,0.714693,0.0422768,0.126796],[0.2905,0.0563583,0.360882,0.29226],[0.0651873,0.598517,0.0669195,0.269376],[0.0616669,0.815028,0.00883169,0.114475],[0.438361,0.00531131,0.41897,0.137358],[0.0405436,0.892479,0.0246739,0.0423043],[0.0423043,0.925923,0.007071,0.0247014],[0.132077,0.00883169,0.783343,0.0757484],[0.167282,0.510503,0.0422768,0.279938],[0.0335029,0.925923,0.00531131,0.0352626],[0.482367,0.0158725,0.332718,0.169042]]},{"db":2,"id":"AP2EREBP_tnt.AT1G71450_colamp_a_m1","alt":"AT1G71450","len":13,"ltrim":1,"rtrim":1,"nsites":557,"evalue":"3.0e-439","url":"http://neomorph.salk.edu/dap_web/pages/browse_table_aj.php?AGI=AT1G71450","pwm":[[0.17597,0.364417,0.152606,0.307006],[0.213666,0.508019,0.0467015,0.231615],[0.29803,0.125681,0.276462,0.299825],[0.149045,0.369802,0.125681,0.355471],[0.0772441,0.79163,3.08383e-05,0.131094],[0.613953,3.08383e-05,0.294412,0.0916045],[5.89122e-05,0.999851,3.08383e-05,5.89122e-05],[5.89122e-05,0.999851,3.08383e-05,5.89122e-05],[0.0323691,3.08383e-05,0.967541,5.89122e-05],[0.323161,0.217227,0.0197763,0.439836],[0.00364927,0.942411,3.08383e-05,0.0539092],[0.513432,0.0484961,0.274668,0.163405],[0.271105,0.342877,0.0736266,0.312391]]},{"db":2,"id":"AP2EREBP_tnt.ERF48_col_a_m1","alt":"ERF48","len":21,"ltrim":0,"rtrim":1,"nsites":259,"evalue":"7.6e-537","url":"http://neomorph.salk.edu/dap_web/pages/browse_table_aj.php?AGI=ERF48","pwm":[[0.146788,0.0540994,0.629167,0.169945],[0.150648,0.0540994,0.714077,0.0811764],[0.308887,0.436191,0.057959,0.196962],[0.158367,0.0116448,0.737234,0.0927549],[0.13521,0.111992,0.706358,0.0464408],[0.158367,0.374439,0.0193639,0.44783],[0.0348623,0.0386614,0.76811,0.158367],[0.169945,0.081116,0.671622,0.0773169],[0.274152,0.297249,0.0618185,0.36678],[0.204681,0.00392582,0.633027,0.158367],[0.181524,0.0849755,0.571275,0.162226],[0.169945,0.378298,0.0232234,0.428532],[0.0927549,0.00392582,0.8453,0.0580193],[0.108193,6.63066e-05,0.826002,0.0657383],[0.0618788,0.613729,6.63066e-05,0.324325],[0.000126669,0.0116448,0.988102,0.000126669],[0.000126669,6.63066e-05,0.988102,0.0117052],[0.177664,0.220058,6.63066e-05,0.602211],[0.000126669,0.0116448,0.887755,0.100474],[0.177664,0.0386614,0.779688,0.00398618],[0.397656,0.196901,0.111992,0.293449]]},{"db":2,"id":"AP2EREBP_tnt.ERF5_colamp_a_m1","alt":"ERF5","len":21,"ltrim":1,"rtrim":4,"nsites":567,"evalue":"7.2e-1249","url":"http://neomorph.salk.edu/dap_web/pages/browse_table_aj.php?AGI=ERF5","pwm":[[0.15347,0.492007,0.156969,0.197554],[0.181684,0.527274,0.0617474,0.229294],[0.218714,0.123466,0.338595,0.319226],[0.0476685,0.578411,0.190473,0.183448],[0.181684,0.795304,0.0194269,0.00358425],[0.010638,3.02945e-05,0.98222,0.00711163],[0.00182156,0.98222,0.0159005,5.78733e-05],[5.78733e-05,0.999854,3.02945e-05,5.78733e-05],[0.0176918,3.02945e-05,0.978694,0.00358425],[0.00358425,0.895816,0.00708405,0.0935154],[5.78733e-05,0.99809,3.02945e-05,0.00182156],[0.41092,0.00179398,0.51493,0.0723551],[0.102333,0.532564,0.0670375,0.298065],[0.255745,0.398549,0.0987779,0.246928],[0.34215,0.0776176,0.366809,0.213424],[0.18521,0.48848,0.126992,0.199318],[0.218714,0.4779,0.0705649,0.232821],[0.259271,0.105832,0.412656,0.222241],[0.15347,0.449686,0.176366,0.220478],[0.18521,0.48848,0.126992,0.199318],[0.197554,0.190473,0.44087,0.171104]]},{"db":2,"id":"AP2EREBP_tnt.ESE1_col_a_m1","alt":"ESE1","len":15,"ltrim":2,"rtrim":0,"nsites":591,"evalue":"4.8e-1181","url":"http://neomorph.salk.edu/dap_web/pages/browse_table_aj.php?AGI=ESE1","pwm":[[0.209834,0.360374,0.0795416,0.35025],[0.231826,0.0998432,0.468647,0.199684],[0.319798,0.0761582,0.553234,0.0508079],[0.132013,0.566769,0.00341249,0.297805],[0.00682238,2.90645e-05,0.993093,5.55235e-05],[0.0931028,0.00341249,0.903429,5.55235e-05],[0.00513066,0.964333,2.90645e-05,0.0305074],[5.55235e-05,2.90645e-05,0.99986,5.55235e-05],[5.55235e-05,0.00679592,0.993093,5.55235e-05],[0.0220488,0.888204,2.90645e-05,0.0897194],[0.00851409,0.0101793,0.850985,0.130321],[0.12863,0.143829,0.715644,0.0118975],[0.323182,0.390826,0.0727748,0.213217],[0.152314,0.0423229,0.680117,0.125246],[0.241978,0.0863085,0.538009,0.133705]]},{"db":2,"id":"BBRBPC_tnt.BPC5_colamp_a_m1","alt":"BPC5","len":29,"ltrim":0,"rtrim":0,"nsites":50,"evalue":"6.7e-260","url":"http://neomorph.salk.edu/dap_web/pages/browse_table_aj.php?AGI=BPC5","pwm":[[0.379897,0.100143,0.439465,0.0804954],[0.659338,0.0602232,0.279784,0.000655089],[0.280096,0.100143,0.539265,0.0804954],[0.599457,0.120103,0.239864,0.0405752],[0.280096,0.140063,0.499345,0.0804954],[0.559537,0.140063,0.160024,0.140376],[0.339976,0.000342915,0.519305,0.140376],[0.659338,0.0602232,0.239864,0.0405752],[0.180296,0.0402631,0.778786,0.000655089],[0.799058,0.000342915,0.000342915,0.200256],[0.0405752,0.0402631,0.818706,0.100455],[0.719218,0.100143,0.140063,0.0405752],[0.260136,0.000342915,0.718906,0.0206152],[0.739178,0.0402631,0.179984,0.0405752],[0.0605353,0.020303,0.838666,0.0804954],[0.819018,0.000342915,0.0602232,0.120416],[0.120416,0.000342915,0.878586,0.000655089],[0.938779,0.000342915,0.0602232,0.000655089],[0.180296,0.000342915,0.798746,0.0206152],[0.918819,0.000342915,0.0801832,0.000655089],[0.140376,0.020303,0.838666,0.000655089],[0.978699,0.000342915,0.000342915,0.0206152],[0.0804954,0.000342915,0.898547,0.0206152],[0.858939,0.020303,0.120103,0.000655089],[0.160336,0.000342915,0.798746,0.0405752],[0.958739,0.000342915,0.0402631,0.000655089],[0.0605353,0.000342915,0.938467,0.000655089],[0.998659,0.000342915,0.000342915,0.000655089],[0.0804954,0.0602232,0.838666,0.0206152]]},{"db":2,"id":"C2C2dof_tnt.AT5G02460_col_a_m1","alt":"AT5G02460","len":21,"ltrim":1,"rtrim":0,"nsites":515,"evalue":"2.2e-525","url":"http://neomorph.salk.edu/dap_web/pages/browse_table_aj.php?AGI=AT5G02460","pwm":[[0.421341,0.166991,0.225233,0.186436],[0.68925,0.0485679,0.174756,0.0874258],[0.799908,0.00779884,0.0252715,0.167021],[0.994046,3.33528e-05,0.00197498,0.00394596],[0.980456,3.33528e-05,3.33528e-05,0.0194769],[0.90086,0.0039156,0.0951609,6.37157e-05],[0.00394596,3.33528e-05,0.992074,0.00394596],[0.291269,0.180581,0.159225,0.368924],[0.594123,0.0310953,0.137871,0.236911],[0.71643,3.33528e-05,0.201936,0.0816009],[0.687309,0.147578,0.112632,0.0524805],[0.621302,0.0757467,0.192229,0.110722],[0.636833,0.0388608,0.155343,0.168963],[0.436872,0.0718644,0.289297,0.201967],[0.506761,0.118457,0.186405,0.188377],[0.638775,0.0310953,0.199995,0.130135],[0.677602,3.33528e-05,0.141754,0.180612],[0.669837,0.0873954,0.201936,0.0408328],[0.50482,0.0524502,0.213584,0.229145],[0.533941,0.114574,0.271826,0.0796603],[0.510645,0.0757467,0.231056,0.182552]]},{"db":2,"id":"C2C2dof_tnt.At4g38000_col_a_m1","alt":"At4g38000","len":28,"ltrim":1,"rtrim":1,"nsites":569,"evalue":"2.0e-539","url":"http://neomorph.salk.edu/dap_web/pages/browse_table_aj.php?AGI=At4g38000","pwm":[[0.261875,0.244275,0.0984309,0.395419],[0.22146,0.175746,0.0668025,0.535991],[0.158202,0.159932,0.0984309,0.583435],[0.168745,0.168718,0.0492305,0.613307],[0.149416,0.184532,0.0422018,0.62385],[0.165231,0.177503,0.0632881,0.593978],[0.254846,0.189804,0.0474738,0.507877],[0.22146,0.152903,0.108974,0.516663],[0.19686,0.156418,0.126546,0.520177],[0.166988,0.242519,0.0316586,0.558834],[0.151173,0.161689,0.0597737,0.627364],[0.163474,0.152903,0.058016,0.625607],[0.163474,0.177503,0.0562593,0.602764],[0.224974,0.179261,0.100189,0.495577],[0.20916,0.200346,0.100189,0.490306],[0.15996,0.175746,0.0878877,0.576406],[0.172259,0.103703,0.0650448,0.658993],[0.15996,0.0966742,0.0984309,0.644935],[0.0633156,0.191561,0.00354457,0.741579],[0.369062,0.0738312,0.0492305,0.507877],[0.507877,0.108974,0.124788,0.25836],[5.767e-05,0.906725,0.00178688,0.0914296],[0.0193863,0.0334163,3.01881e-05,0.947167],[5.767e-05,0.0439595,3.01881e-05,0.955953],[5.767e-05,0.00354457,3.01881e-05,0.996368],[0.226732,0.0246309,3.01881e-05,0.748608],[0.0808875,0.10546,0.0474738,0.76618],[0.256604,0.205618,0.15466,0.383118]]},{"db":2,"id":"EIL_tnt.EIN3_col_a_m1","alt":"EIN3","len":15,"ltrim":0,"rtrim":0,"nsites":600,"evalue":"7.3e-582","url":"http://neomorph.salk.edu/dap_web/pages/browse_table_aj.php?AGI=EIN3","pwm":[[0.151696,0.0483536,0.69658,0.10337],[0.241681,0.0800153,0.206661,0.471643],[0.190023,0.604928,0.0666845,0.138365],[0.0950389,0.374966,0.0166929,0.513302],[0.76826,0.0766829,0.051687,0.10337],[0.268343,0.184998,0.411627,0.135032],[0.636616,0.00836024,0.351637,0.00338714],[0.0117197,0.00169535,0.0150261,0.97156],[0.280008,0.040022,0.0950128,0.584957],[0.0450472,0.939872,0.00836024,0.00672058],[0.829916,0.0150261,0.100012,0.0550455],[0.414986,0.0666845,0.11001,0.40832],[0.130033,0.0716837,0.0583519,0.739931],[0.0083863,0.081682,0.846555,0.0633771],[0.474976,0.165001,0.0466879,0.313335]]},{"db":2,"id":"REM_tnt.REM19_col_a_m1","alt":"REM19","len":15,"ltrim":0,"rtrim":0,"nsites":573,"evalue":"8.3e-719","url":"http://neomorph.salk.edu/dap_web/pages/browse_table_aj.php?AGI=REM19","pwm":[[0.500843,0.157071,0.32458,0.0175062],[0.581108,0.242571,0.080295,0.0960265],[0.504332,0.385652,0.109959,5.72674e-05],[0.830628,0.0541215,0.115193,5.72674e-05],[0.787006,0.0453971,0.16754,5.72674e-05],[0.992903,0.00526506,2.99774e-05,0.00180196],[0.837607,0.106468,0.0122438,0.0436797],[0.996393,0.00177467,2.99774e-05,0.00180196],[0.912638,0.0768056,2.99774e-05,0.0105264],[0.958005,2.99774e-05,0.00526506,0.0366999],[0.855056,0.0279481,0.0157342,0.101262],[0.917873,0.0104992,0.0715705,5.72674e-05],[0.675332,0.0558662,0.0593566,0.209445],[0.687546,0.209417,0.102979,5.72674e-05],[0.668353,0.0890194,0.151835,0.0907914]]}],"sequence_names":["1:10000079-10001073","1:10564525-10564945","1:10794910-10795652","1:10877-11515","1:11033602-11034268","1:1134247-1134766","1:11620972-11623018","1:11627989-11629653","1:11630601-11630992","1:11631352-11631799","1:1713392-1714600","1:1739028-1739784","1:17690143-17690788","1:17861664-17862966","1:17894619-17895429","1:19318782-19319340","1:19805015-19805580","1:19916351-19916967","1:20812793-20813218","1:20814292-20815572","1:20955941-20956999","1:22387694-22388018","1:22421509-22422295","1:227309-228500","1:22936526-22937190","1:2353133-2353858","1:23543202-23543870","1:23940870-23941526","1:23941927-23943223","1:24010989-24011977","1:25276022-25276540","1:25391087-25391682","1:25549024-25549375","1:25680642-25681678","1:25683517-25684365","1:25695653-25696032","1:25732160-25732956","1:25888021-25888636","1:25912400-25913001","1:25949728-25950173","1:25984653-25985219","1:25987581-25989280","1:26042508-26043452","1:26092330-26093610","1:26100038-26101131","1:26439507-26439935","1:26442036-26442650","1:26476419-26476924","1:26662850-26663406","1:2676428-2676950","1:2680909-2681278","1:26817745-26818259","1:27036663-27037194","1:27073147-27073751","1:27175439-27175761","1:27179325-27179809","1:27976977-27977597","1:28237431-28237809","1:28296647-28297270","1:28402615-28403443","1:28469512-28469986","1:28558168-28558645","1:28675312-28676621","1:28916747-28917589","1:29385551-29386230","1:29406708-29407084","1:29413081-29413879","1:29438670-29439623","1:29743260-29744820","1:29755585-29756256","1:29760885-29761321","1:29764238-29765955","1:29872717-29873600","1:30186763-30187981","1:3030717-3031418","1:3100128-3101527","1:3527363-3528034","1:364736-366003","1:367337-367779","1:370980-371392","1:3713416-3713851","1:4242773-4243504","1:4523850-4524319","1:4578472-4579658","1:4599701-4601087","1:4794550-4794956","1:5001950-5002662","1:5085906-5086391","1:5274070-5274612","1:5513612-5514370","1:6165333-6165791","1:6267307-6267768","1:6839801-6840327","1:6844750-6845189","1:7038113-7038719","1:7336611-7337218","1:7384386-7384935","1:7639880-7641506","1:7974726-7975148","1:8142841-8143790","1:8719061-8719775","1:8726895-8727504","1:8851913-8853255","1:8940184-8940595","1:9266760-9267627","1:9269495-9270355","1:928541-929570","1:9949879-9951790","1:9990264-9991163","2:10561249-10561936","2:10610700-10611287","2:11213971-11214587","2:11771262-11771965","2:121718-123136","2:12232675-12233128","2:12257420-12257812","2:12260407-12261982","2:12262916-12263884","2:1256324-1256903","2:12682929-12683547","2:12941001-12941555","2:13229896-13230435","2:13489803-13490622","2:13875953-13876724","2:13971435-13972028","2:14328641-14329224","2:14339535-14340563","2:15091939-15092518","2:15099262-15100180","2:15272440-15273545","2:15274894-15275480","2:15624690-15625450","2:15785618-15786312","2:15976098-15976521","2:16645273-16645865","2:17098433-17098929","2:17248835-17250679","2:17446165-17446802","2:17667741-17668173","2:17806672-17807656","2:18631824-18632720","2:18634347-18636140","2:19255486-19255984","2:19260802-19261224","2:19386650-19387118","2:19407853-19408697","2:229832-230369","2:2584904-2585445","2:4142375-4142973","2:506291-507920","2:519249-520318","2:685159-686225","2:7934428-7935010","2:8269143-8269662","2:8279356-8279936","2:8706680-8707245","2:908822-909387","2:918481-919357","2:9522818-9523408","2:9642398-9643099","2:9917398-9917883","3:10871650-10872572","3:11798520-11799105","3:1216330-1217252","3:14254342-14255313","3:1488337-1488716","3:16475455-16476205","3:17561717-17562134","3:18262163-18262519","3:18521902-18522590","3:18786706-18787142","3:18909667-18910227","3:1895936-1896429","3:18960441-18962162","3:18979635-18980417","3:19072635-19073096","3:19280672-19281573","3:19448866-19449242","3:19878308-19878862","3:19880224-19880821","3:19995982-19997064","3:20120954-20121832","3:20378834-20379319","3:20583456-20583968","3:20585567-20586285","3:20606143-20607167","3:20903893-20904582","3:21057833-21058582","3:21141365-21141952","3:21144503-21145775","3:22427153-22427888","3:22630242-22630664","3:22692782-22693348","3:22776111-22776669","3:22918920-22919543","3:22921241-22921902","3:22939169-22939834","3:23162007-23163059","3:23165956-23166426","3:23279243-23279739","3:2334575-2335533","3:23428950-23429408","3:23429742-23430469","3:282351-283437","3:3089840-3090211","3:3097867-3098540","3:3345948-3346658","3:3441993-3442733","3:3696471-3697045","3:376155-376879","3:393249-393775","3:3974197-3974679","3:4123358-4124598","3:4146064-4146534","3:4483706-4484401","3:4605679-4608520","3:4740365-4740782","3:5422309-5422835","3:5487053-5487721","3:6163910-6164772","3:6380603-6381229","3:6383182-6383675","3:6637153-6637579","3:7213768-7214439","3:7833819-7834312","3:8238445-8239124","3:8517681-8518097","3:9058309-9059112","3:9062004-9062468","3:914068-914640","3:9343464-9344106","3:9346672-9347188","3:9930021-9930408","4:10162426-10163143","4:11169623-11170118","4:11632870-11633286","4:11653164-11653568","4:11722784-11723210","4:11769292-11769723","4:12083901-12085136","4:12622650-12623057","4:13021119-13021753","4:13657842-13658891","4:13967072-13967711","4:14117931-14118643","4:14207778-14208395","4:14324970-14325736","4:14372654-14373381","4:14774954-14775481","4:14841165-14841615","4:14902506-14903001","4:14915992-14917168","4:15322118-15322658","4:15393641-15394771","4:15415822-15416270","4:15703117-15704203","4:16357289-16357878","4:16688591-16690070","4:16710038-16711239","4:17001666-17003143","4:17119588-17120036","4:17392988-17393542","4:17397189-17398247","4:17410304-17411005","4:17640839-17641307","4:17657517-17658125","4:17730332-17731175","4:17733183-17733699","4:17733861-17736912","4:17739065-17739934","4:17780564-17781077","4:17781608-17783078","4:17815395-17816049","4:17986024-17986477","4:18055414-18055827","4:18068906-18069258","4:18239737-18240483","4:348860-349331","4:5150780-5151196","4:76242-77004","4:8390842-8391378","4:8453880-8454302","4:8875441-8876165","4:9849053-9849729","5:1003114-1004034","5:1004513-1004853","5:10451787-10452306","5:10648656-10649164","5:10649503-10650398","5:10864647-10865109","5:13936002-13936668","5:16439962-16440931","5:17195783-17196298","5:1750337-1751749","5:17549822-17550486","5:18093354-18093763","5:1826761-1827404","5:19273312-19274150","5:19366065-19366463","5:19422216-19422942","5:1950802-1951679","5:19898747-19899815","5:20001296-20001837","5:21046351-21047136","5:2233331-2235628","5:22388097-22388816","5:22777047-22777786","5:22996969-22997495","5:23010086-23010544","5:23131203-23131780","5:23388349-23388823","5:23475230-23476119","5:23784948-23785531","5:23786271-23787020","5:2399098-2399687","5:24065937-24066509","5:24353673-24354056","5:24396713-24397336","5:24504953-24506572","5:24533039-24533436","5:24842308-24843318","5:24972984-24973765","5:24993569-24994184","5:24995543-24996404","5:25431306-25431828","5:25700930-25701476","5:25881013-25881368","5:26138319-26140504","5:2614617-2614986","5:2615317-2615699","5:26563908-26564380","5:26662894-26663574","5:26729663-26730292","5:26764051-26765745","5:26767656-26768379","5:26837764-26839284","5:26851652-26852256","5:26876482-26876979","5:2936431-2937549","5:3242154-3243350","5:3317300-3318570","5:3509511-3510259","5:3514954-3515426","5:3549816-3550726","5:3613353-3613832","5:390585-391427","5:4155935-4156666","5:4768141-4768890","5:5411982-5412699","5:5419549-5420699","5:566177-567278","5:569115-569567","5:6224825-6225323","5:6828508-6829206","5:6977690-6978606","5:6980479-6980832","5:7694862-7695564","5:8909770-8910388","5:9023502-9024092","5:9295915-9296440","5:9515287-9515938","5:958597-959437","5:961793-962420","5:9741932-9742596"],"primaries":[{"motif":{"db":0,"id":"YYTYTYTYTYTYTYTYTYYYY","alt":"MEME-1","len":21,"ltrim":0,"rtrim":0,"nsites":689,"evalue":"5.7e-194","pwm":[[0.0929221,0.471654,0.137886,0.297537],[0.158225,0.419412,0.0508156,0.371547],[0.165481,0.162555,2.49311e-05,0.671938],[0.0943739,0.461496,0.0899969,0.354132],[0.0145595,0.153849,0.0363037,0.795288],[0.104531,0.422315,0.158202,0.314951],[0.0276196,0.177067,0.00147572,0.793836],[0.0813128,0.576138,0.00147572,0.341072],[0.0261688,0.0537181,0.0493648,0.870748],[4.76273e-05,0.565981,2.49311e-05,0.433947],[4.76273e-05,0.169811,0.0188902,0.811251],[0.079862,0.507934,0.0435596,0.368644],[4.76273e-05,0.00292751,0.0392062,0.957819],[0.0668009,0.54131,0.0522673,0.339621],[0.143714,0.190128,2.49311e-05,0.666134],[4.76273e-05,0.39184,0.0783876,0.529724],[0.119043,0.248175,0.00873167,0.62405],[0.105983,0.296063,0.133533,0.464421],[0.117593,0.262687,0.152398,0.467324],[0.179993,0.349756,0.0174394,0.452812],[0.140811,0.312026,0.00873167,0.538431]]},"secondaries":[[{"idx":9,"counts":[[8,6,7,6,6,6,6,6,5,5,7,8,2,7,4,3,8,2,7,7,11,6,3,4,3,8,6,5,8,4,9,7,6,6,5,6,7,5,8,4,6,8,7,5,8,3,8,5,4,5,9,4,5,5,5,4,5,3,9,4,1,4,2,7,4,2,4,4,4,5,5,2,7,4,4,3,3,5,10,1,3,3,5,7,10,5,3,3,2,3,2,1,6,2,1,3,4,1,2,2,2,3,2,1,3,1,2,1,6,4,6,4,2,2,4,2,3,1,0,0,2,1,4,3,0,0],[12,25,23,18,15,14,16,13,8,13,13,11,11,11,5,12,8,12,8,12,10,6,12,6,3,11,11,8,10,10,11,11,13,8,10,6,7,8,12,9,14,12,4,8,14,10,15,13,13,9,7,14,9,13,10,5,6,6,10,13,13,9,12,7,12,5,11,8,5,3,4,5,9,9,12,7,4,8,6,10,10,16,4,10,11,7,9,7,9,10,10,10,7,9,6,3,9,4,7,1,4,6,6,6,10,8,11,10,9,5,6,6,4,8,7,6,5,10,8,5,2,5,7,2,5,0],[1,1,0,1,3,1,1,0,2,3,2,1,2,1,1,1,1,1,2,0,0,0,3,2,2,2,5,2,3,2,5,4,1,2,2,4,2,3,2,4,2,5,2,4,3,4,3,5,6,5,7,5,8,5,5,5,8,5,4,5,5,4,7,5,4,11,6,8,6,8,7,1,6,5,8,8,7,9,11,9,9,9,7,6,11,8,12,14,13,11,14,15,10,12,14,13,14,9,9,10,11,10,12,8,8,11,13,12,7,10,13,12,13,8,11,10,7,10,11,13,10,12,11,11,7,0],[0,1,3,1,1,4,1,3,2,5,4,3,1,4,2,2,4,2,1,6,4,3,3,7,3,0,3,1,2,2,3,1,3,2,1,1,2,2,5,3,5,3,1,4,5,2,4,7,2,2,2,1,3,1,4,4,4,5,3,1,1,1,1,4,3,4,4,1,3,2,3,1,1,5,1,5,4,8,6,4,4,1,2,3,5,7,5,6,4,5,1,5,3,2,3,2,2,7,3,3,3,4,2,2,2,3,2,4,3,4,2,2,0,0,4,4,5,3,4,6,3,4,2,5,3,0]],"spacings":[{"orient":1,"bin":1,"pvalue":1.9706e-09,"inferred_pwm":[[0.2,0.2,0.04,0.56],[0.04,0.28,0.16,0.52],[0.28,0.16,0.08,0.48],[0.2,0.24,0,0.56],[0.08,0.24,0.12,0.56],[0.24,0.08,0.04,0.64],[0.16,0.16,0.04,0.64],[0.12,0.16,0.16,0.56],[0.12,0.28,0,0.6],[0.08,0.28,0,0.64],[0.12,0.16,0.04,0.68],[0.16,0.16,0.08,0.6],[0.12,0.2,0.04,0.64],[0.08,0.2,0.12,0.6],[0.12,0.2,0.04,0.64],[0.08,0.16,0.12,0.64],[0.12,0.08,0.16,0.64],[0,0.28,0.04,0.68],[0.16,0.12,0.04,0.68],[0.32,0.16,0.04,0.48],[0,0.56,0,0.44],[0.04,0.12,0,0.84],[0,0.16,0,0.84],[0,0.04,0,0.96],[0.12,0.04,0,0.84],[0.16,0.16,0.08,0.6]],"alignment_pwm":[null,[[0.28,0.24,0.16,0.32],[0.24,0.2,0.2,0.36],[0.16,0.36,0.2,0.28],[0.2,0.28,0.16,0.36],[0.28,0.2,0.16,0.36],[0.2,0.24,0.32,0.24],[0.36,0.2,0.2,0.24],[0.2,0.24,0.32,0.24],[0.32,0.2,0.2,0.28],[0.28,0.28,0.08,0.36],[0.16,0.36,0.2,0.28],[0.28,0.24,0.2,0.28],[0.2,0.24,0.24,0.32],[0.28,0.24,0.08,0.4],[0.28,0.24,0.2,0.28],[0.2,0.24,0.2,0.36],[0.24,0.36,0.2,0.2],[0.44,0.24,0.12,0.2],[0.28,0.24,0,0.48],[0.4,0.2,0.12,0.28],[0.24,0.32,0.08,0.36],[0.2,0.24,0.2,0.36],[0.24,0.4,0.2,0.16],[0.2,0.36,0.04,0.4],[0.4,0.24,0,0.36],[0.32,0.44,0.08,0.16],[0.2,0.32,0.16,0.32],[0.16,0.24,0.12,0.48],[0.24,0.16,0.08,0.52],[0.24,0.24,0.16,0.36],[0.32,0.12,0.12,0.44],[0.28,0.24,0.08,0.4],[0.08,0.12,0.12,0.68],[0.08,0.28,0.08,0.56],[0.16,0.2,0.12,0.52],[0.2,0.4,0.16,0.24],[0.16,0.28,0.08,0.48],[0.04,0.64,0.04,0.28],[0.08,0.36,0,0.56],[0.08,0.08,0,0.84],[0,0.4,0.08,0.52],[0,0,0.04,0.96],[0.04,0.56,0.08,0.32],[0.04,0.2,0,0.76],[0.04,0.6,0,0.36],[0,0.04,0.04,0.92],[0,0.52,0,0.48],[0,0.2,0,0.8],[0,0.56,0,0.44],[0,0,0.08,0.92],[0.04,0.64,0,0.32],[0.08,0,0,0.92],[0,0.52,0.08,0.4],[0.16,0.16,0,0.68],[0,0.28,0.12,0.6],[0,0.24,0.08,0.68],[0.12,0.4,0.04,0.44],[0,0.28,0,0.72],[0.12,0.28,0.12,0.48],[0.2,0.2,0.04,0.56],[0.04,0.28,0.16,0.52],[0.28,0.16,0.08,0.48],[0.2,0.24,0,0.56],[0.08,0.24,0.12,0.56],[0.24,0.08,0.04,0.64],[0.16,0.16,0.04,0.64],[0.12,0.16,0.16,0.56],[0.12,0.28,0,0.6],[0.08,0.28,0,0.64],[0.12,0.16,0.04,0.68],[0.16,0.16,0.08,0.6],[0.12,0.2,0.04,0.64],[0.08,0.2,0.12,0.6],[0.12,0.2,0.04,0.64],[0.08,0.16,0.12,0.64],[0.12,0.08,0.16,0.64],[0,0.28,0.04,0.68],[0.16,0.12,0.04,0.68],[0.32,0.16,0.04,0.48],[0,0.56,0,0.44],[0.04,0.12,0,0.84],[0,0.16,0,0.84],[0,0.04,0,0.96],[0.12,0.04,0,0.84],[0.16,0.16,0.08,0.6],[0.24,0.12,0.08,0.56],[0.24,0.2,0.16,0.4],[0.36,0.04,0,0.6],[0.28,0.08,0.08,0.56],[0.2,0.12,0.24,0.44],[0.08,0.04,0.12,0.76],[0.32,0.12,0.2,0.36],[0.28,0.08,0.08,0.56],[0.32,0.16,0.12,0.4],[0.04,0.16,0.04,0.76]],null,null],"seqs":[3,9,26,49,57,68,84,103,108,118,121,126,131,143,172,191,203,238,244,245,278,299,313,325,339]},{"orient":1,"bin":2,"pvalue":3.78333e-08,"inferred_pwm":[[0.173913,0.304348,0.0434783,0.478261],[0.0869565,0.173913,0.130435,0.608696],[0.0869565,0.26087,0,0.652174],[0.0434783,0.26087,0.0869565,0.608696],[0.0434783,0.26087,0.0869565,0.608696],[0.0434783,0.0869565,0.0869565,0.782609],[0.0434783,0.391304,0.0434783,0.521739],[0.217391,0.130435,0,0.652174],[0.0869565,0.173913,0,0.73913],[0.0869565,0.130435,0.130435,0.652174],[0.0869565,0.304348,0.0434783,0.565217],[0.130435,0.173913,0.0869565,0.608696],[0.0434783,0.26087,0.0869565,0.608696],[0.0434783,0.173913,0.0434783,0.73913],[0.0434783,0.347826,0.0434783,0.565217],[0.0869565,0.0869565,0.130435,0.695652],[0.0869565,0.173913,0.0869565,0.652174],[0,0.304348,0.0434783,0.652174],[0.130435,0.347826,0,0.521739],[0.173913,0.217391,0.0434783,0.565217],[0,0.565217,0,0.434783],[0.0434783,0.130435,0,0.826087],[0,0.173913,0,0.826087],[0,0.0434783,0,0.956522],[0.130435,0.130435,0,0.73913],[0.0869565,0.0869565,0,0.826087]],"alignment_pwm":[null,[[0.304348,0.26087,0.217391,0.217391],[0.304348,0.173913,0.173913,0.347826],[0.304348,0.173913,0.173913,0.347826],[0.217391,0.173913,0.217391,0.391304],[0.26087,0.217391,0.217391,0.304348],[0.217391,0.173913,0.217391,0.391304],[0.173913,0.217391,0.347826,0.26087],[0.173913,0.217391,0.26087,0.347826],[0.26087,0.347826,0.217391,0.173913],[0.434783,0.26087,0.0869565,0.217391],[0.391304,0.130435,0.130435,0.347826],[0.217391,0.217391,0.217391,0.347826],[0.173913,0.304348,0.347826,0.173913],[0.26087,0.26087,0.26087,0.217391],[0.304348,0.304348,0.173913,0.217391],[0.173913,0.26087,0.173913,0.391304],[0.217391,0.304348,0.0869565,0.391304],[0.173913,0.391304,0.173913,0.26087],[0.434783,0.304348,0,0.26087],[0.26087,0.304348,0.173913,0.26087],[0.217391,0.304348,0.130435,0.347826],[0.26087,0.26087,0.0869565,0.391304],[0.26087,0.173913,0.217391,0.347826],[0.391304,0.26087,0.173913,0.173913],[0.217391,0.391304,0.0869565,0.304348],[0.217391,0.26087,0.173913,0.347826],[0.26087,0.26087,0.0869565,0.391304],[0.347826,0.391304,0.130435,0.130435],[0.26087,0.304348,0.0434783,0.391304],[0.304348,0.26087,0.0869565,0.347826],[0.26087,0.217391,0.0434783,0.478261],[0.173913,0.173913,0.130435,0.521739],[0.304348,0.304348,0.0869565,0.304348],[0.217391,0.26087,0.0869565,0.434783],[0.217391,0.347826,0,0.434783],[0.217391,0.347826,0.0869565,0.347826],[0.217391,0.217391,0.26087,0.304348],[0.26087,0.26087,0.0434783,0.434783],[0,0.521739,0.0869565,0.391304],[0.0434783,0.391304,0,0.565217],[0,0.0869565,0,0.913043],[0.0434783,0.652174,0.0434783,0.26087],[0,0.0434783,0,0.956522],[0,0.608696,0.0434783,0.347826],[0.0434783,0.130435,0,0.826087],[0,0.73913,0,0.26087],[0.0434783,0,0,0.956522],[0,0.608696,0,0.391304],[0,0.217391,0,0.782609],[0.0434783,0.608696,0,0.347826],[0,0,0.0434783,0.956522],[0.0434783,0.608696,0,0.347826],[0,0.130435,0,0.869565],[0,0.565217,0,0.434783],[0.0434783,0.347826,0,0.608696],[0.0869565,0.304348,0.0434783,0.565217],[0.0869565,0.0869565,0,0.826087],[0.0869565,0.565217,0,0.347826],[0.0434783,0.173913,0,0.782609],[0.0869565,0.434783,0,0.478261],[0.26087,0.26087,0.0869565,0.391304],[0.173913,0.304348,0.0434783,0.478261],[0.0869565,0.173913,0.130435,0.608696],[0.0869565,0.26087,0,0.652174],[0.0434783,0.26087,0.0869565,0.608696],[0.0434783,0.26087,0.0869565,0.608696],[0.0434783,0.0869565,0.0869565,0.782609],[0.0434783,0.391304,0.0434783,0.521739],[0.217391,0.130435,0,0.652174],[0.0869565,0.173913,0,0.73913],[0.0869565,0.130435,0.130435,0.652174],[0.0869565,0.304348,0.0434783,0.565217],[0.130435,0.173913,0.0869565,0.608696],[0.0434783,0.26087,0.0869565,0.608696],[0.0434783,0.173913,0.0434783,0.73913],[0.0434783,0.347826,0.0434783,0.565217],[0.0869565,0.0869565,0.130435,0.695652],[0.0869565,0.173913,0.0869565,0.652174],[0,0.304348,0.0434783,0.652174],[0.130435,0.347826,0,0.521739],[0.173913,0.217391,0.0434783,0.565217],[0,0.565217,0,0.434783],[0.0434783,0.130435,0,0.826087],[0,0.173913,0,0.826087],[0,0.0434783,0,0.956522],[0.130435,0.130435,0,0.73913],[0.0869565,0.0869565,0,0.826087],[0.173913,0.173913,0.130435,0.521739],[0.130435,0.217391,0.0434783,0.608696],[0.173913,0.173913,0.130435,0.521739],[0.130435,0.304348,0.0869565,0.478261],[0.0869565,0.217391,0.130435,0.565217],[0.26087,0.217391,0,0.521739],[0.217391,0.130435,0.0434783,0.608696],[0.304348,0.130435,0.0869565,0.478261],[0.0869565,0.217391,0.0869565,0.608696],[0.130435,0.217391,0.0869565,0.565217]],null,null],"seqs":[8,68,73,75,103,105,113,121,134,163,169,172,173,188,191,203,238,251,278,299,313,329,357]},{"orient":1,"bin":3,"pvalue":2.84767e-05,"inferred_pwm":[[0.166667,0.111111,0.0555556,0.666667],[0.222222,0.111111,0.0555556,0.611111],[0.0555556,0.166667,0.111111,0.666667],[0.111111,0.111111,0.0555556,0.722222],[0.0555556,0.0555556,0.111111,0.777778],[0.166667,0.333333,0,0.5],[0.333333,0.166667,0,0.5],[0.0555556,0.277778,0,0.666667],[0.111111,0.222222,0.111111,0.555556],[0.111111,0.333333,0.0555556,0.5],[0.166667,0.166667,0,0.666667],[0.222222,0.111111,0.0555556,0.611111],[0,0.222222,0,0.777778],[0.0555556,0.444444,0,0.5],[0.111111,0.277778,0.0555556,0.555556],[0.111111,0.222222,0,0.666667],[0.111111,0.166667,0.0555556,0.666667],[0.0555556,0.222222,0,0.722222],[0.222222,0.0555556,0,0.722222],[0.0555556,0.444444,0,0.5],[0,0.444444,0,0.555556],[0.0555556,0,0,0.944444],[0,0.111111,0,0.888889],[0,0.0555556,0,0.944444],[0.111111,0.111111,0,0.777778],[0.222222,0.0555556,0.111111,0.611111]],"alignment_pwm":[null,[[0.333333,0.277778,0.111111,0.277778],[0.388889,0.111111,0.166667,0.333333],[0.333333,0.111111,0.166667,0.388889],[0.166667,0.111111,0.166667,0.555556],[0.0555556,0.277778,0.111111,0.555556],[0.166667,0.166667,0.166667,0.5],[0.277778,0.166667,0.222222,0.333333],[0.111111,0.111111,0.277778,0.5],[0.277778,0.166667,0.277778,0.277778],[0.222222,0.166667,0.277778,0.333333],[0.222222,0.388889,0.111111,0.277778],[0.388889,0.111111,0.166667,0.333333],[0.111111,0.277778,0.277778,0.333333],[0.166667,0.277778,0.333333,0.222222],[0.0555556,0.222222,0.277778,0.444444],[0.277778,0.277778,0.222222,0.222222],[0.166667,0.222222,0.166667,0.444444],[0.111111,0.333333,0.0555556,0.5],[0.277778,0.388889,0.111111,0.222222],[0.5,0.222222,0.0555556,0.222222],[0.388889,0.333333,0.0555556,0.222222],[0.333333,0.166667,0.111111,0.388889],[0.222222,0.222222,0.166667,0.388889],[0.222222,0.222222,0.277778,0.277778],[0.388889,0.333333,0.166667,0.111111],[0.222222,0.277778,0.166667,0.333333],[0.222222,0.5,0.166667,0.111111],[0.444444,0.222222,0.111111,0.222222],[0.333333,0.388889,0.0555556,0.222222],[0.111111,0.277778,0.0555556,0.555556],[0.444444,0.222222,0,0.333333],[0.222222,0.277778,0.111111,0.388889],[0.166667,0.166667,0.111111,0.555556],[0.555556,0.222222,0,0.222222],[0.222222,0.333333,0.0555556,0.388889],[0.222222,0.277778,0.111111,0.388889],[0.444444,0.111111,0.0555556,0.388889],[0.277778,0.166667,0.166667,0.388889],[0.277778,0.166667,0.111111,0.444444],[0.0555556,0.444444,0.166667,0.333333],[0.111111,0.5,0,0.388889],[0.0555556,0.222222,0,0.722222],[0.0555556,0.555556,0,0.388889],[0,0,0,1],[0.111111,0.666667,0.0555556,0.166667],[0,0.333333,0,0.666667],[0,0.722222,0,0.277778],[0,0,0,1],[0,0.833333,0,0.166667],[0,0.222222,0,0.777778],[0.166667,0.555556,0,0.277778],[0,0,0.0555556,0.944444],[0.0555556,0.666667,0.0555556,0.222222],[0.0555556,0.222222,0,0.722222],[0,0.666667,0.0555556,0.277778],[0.111111,0.388889,0,0.5],[0.166667,0.222222,0.0555556,0.555556],[0.111111,0.222222,0,0.666667],[0.0555556,0.555556,0,0.388889],[0.111111,0.166667,0,0.722222],[0.277778,0.333333,0,0.388889],[0.222222,0.222222,0.111111,0.444444],[0.277778,0.388889,0,0.333333],[0.166667,0.111111,0.0555556,0.666667],[0.222222,0.111111,0.0555556,0.611111],[0.0555556,0.166667,0.111111,0.666667],[0.111111,0.111111,0.0555556,0.722222],[0.0555556,0.0555556,0.111111,0.777778],[0.166667,0.333333,0,0.5],[0.333333,0.166667,0,0.5],[0.0555556,0.277778,0,0.666667],[0.111111,0.222222,0.111111,0.555556],[0.111111,0.333333,0.0555556,0.5],[0.166667,0.166667,0,0.666667],[0.222222,0.111111,0.0555556,0.611111],[0,0.222222,0,0.777778],[0.0555556,0.444444,0,0.5],[0.111111,0.277778,0.0555556,0.555556],[0.111111,0.222222,0,0.666667],[0.111111,0.166667,0.0555556,0.666667],[0.0555556,0.222222,0,0.722222],[0.222222,0.0555556,0,0.722222],[0.0555556,0.444444,0,0.5],[0,0.444444,0,0.555556],[0.0555556,0,0,0.944444],[0,0.111111,0,0.888889],[0,0.0555556,0,0.944444],[0.111111,0.111111,0,0.777778],[0.222222,0.0555556,0.111111,0.611111],[0.0555556,0.222222,0,0.722222],[0.166667,0.222222,0.166667,0.444444],[0.277778,0.111111,0.222222,0.388889],[0.111111,0.166667,0.166667,0.555556],[0.277778,0.222222,0.111111,0.388889],[0.277778,0.0555556,0.0555556,0.611111],[0.555556,0.166667,0.0555556,0.222222],[0.111111,0.222222,0.0555556,0.611111],[0.0555556,0.333333,0,0.611111],[0.277778,0.166667,0.111111,0.444444]],null,null],"seqs":[68,75,102,103,105,113,141,159,172,188,191,203,210,216,278,329,339,341]}]}],[{"idx":0,"counts":[[17,25,15,9,13,10,7,8,10,9,11,12,8,9,8,11,7,8,10,14,7,10,7,10,12,5,9,12,8,5,11,7,10,7,12,10,14,10,15,5,14,12,12,12,10,9,15,9,9,9,6,10,7,3,13,7,6,9,9,1,7,0,8,3,8,5,5,7,12,7,8,5,7,5,5,4,5,4,3,4,3,2,3,5,4,6,5,3,7,6,4,5,4,3,4,5,3,2,6,3,5,6,6,1,6,3,11,3,5,2,5,2,3,1,3,3,3,1,2,2,2,5,0,1,4,4,3,7,5,3,0],[20,22,22,24,17,25,15,23,30,21,21,28,20,27,21,21,14,18,13,19,16,20,11,14,9,11,13,10,12,16,10,7,11,13,11,9,11,15,18,14,17,12,13,15,15,15,16,16,18,20,16,14,8,20,8,20,11,20,7,16,8,15,12,18,13,16,11,13,11,13,11,19,8,16,8,20,16,18,15,16,12,17,14,14,14,12,12,13,11,8,11,10,11,11,11,9,11,8,6,11,15,10,8,8,6,7,6,9,12,5,8,7,9,5,10,5,7,10,10,7,13,8,7,5,7,9,8,10,12,11,0],[1,1,2,3,3,3,1,4,4,5,0,2,1,3,1,2,2,5,2,6,4,4,3,8,3,5,3,2,5,4,3,5,1,3,3,3,4,5,6,5,2,5,7,6,9,6,10,7,4,6,8,4,7,5,6,10,6,9,11,9,9,11,11,16,6,12,8,9,11,11,8,9,12,13,13,11,10,6,14,12,11,13,10,12,13,10,11,16,14,12,20,11,23,15,20,18,11,13,14,12,24,13,16,19,15,16,11,16,13,17,13,15,16,13,14,19,15,20,7,19,9,19,10,14,17,17,17,10,21,15,0],[1,3,2,3,2,3,2,3,2,3,4,1,3,3,1,3,0,4,1,5,4,3,2,6,1,4,2,6,0,5,4,3,1,8,1,5,7,3,3,6,3,3,3,3,3,5,5,4,5,3,6,4,12,6,5,5,6,2,7,6,7,4,6,5,4,2,6,5,5,4,5,3,3,7,4,3,5,5,3,6,4,8,3,5,4,3,2,3,3,3,5,3,6,6,2,6,6,6,5,4,5,6,3,6,0,4,1,6,1,4,1,4,3,7,3,6,9,4,7,9,6,4,2,4,3,4,4,8,6,5,0]],"spacings":[{"orient":1,"bin":8,"pvalue":5.88234e-09,"inferred_pwm":[[0.0333333,0.4,0.1,0.466667],[0.133333,0.266667,0,0.6],[0.2,0.2,0,0.6],[0.0333333,0.266667,0,0.7],[0.133333,0.233333,0.0333333,0.6],[0.0333333,0.566667,0.133333,0.266667],[0.0333333,0.133333,0,0.833333],[0,0.366667,0.0666667,0.566667],[0.0333333,0.2,0.0666667,0.7],[0,0.333333,0,0.666667],[0,0.3,0.0666667,0.633333],[0.1,0.433333,0.0333333,0.433333],[0,0.0333333,0.1,0.866667],[0.1,0.5,0,0.4],[0.0666667,0.2,0,0.733333],[0,0.333333,0.133333,0.533333],[0.1,0.366667,0,0.533333],[0,0.2,0.166667,0.633333],[0.1,0.166667,0.166667,0.566667],[0.0666667,0.533333,0.0333333,0.366667],[0.133333,0.3,0.0666667,0.5]],"alignment_pwm":[null,[[0.466667,0.2,0.133333,0.2],[0.3,0.166667,0.333333,0.2],[0.366667,0.333333,0,0.3],[0.333333,0.266667,0.133333,0.266667],[0.366667,0.166667,0.166667,0.3],[0.2,0.466667,0.2,0.133333],[0.4,0.1,0.2,0.3],[0.333333,0.333333,0.166667,0.166667],[0.433333,0.166667,0.166667,0.233333],[0.233333,0.233333,0.3,0.233333],[0.233333,0.366667,0.133333,0.266667],[0.333333,0.266667,0.166667,0.233333],[0.266667,0.2,0.233333,0.3],[0.3,0.266667,0.233333,0.2],[0.233333,0.366667,0.0666667,0.333333],[0.266667,0.2,0.233333,0.3],[0.366667,0.233333,0.133333,0.266667],[0.4,0.333333,0.1,0.166667],[0.2,0.333333,0.2,0.266667],[0.266667,0.266667,0.166667,0.3],[0.2,0.2,0.2,0.4],[0.333333,0.233333,0.2,0.233333],[0.2,0.2,0.266667,0.333333],[0.2,0.2,0.2,0.4],[0.333333,0.233333,0.166667,0.266667],[0.166667,0.2,0.2,0.433333],[0.166667,0.2,0.133333,0.5],[0.233333,0.233333,0.166667,0.366667],[0.3,0.2,0.1,0.4],[0.1,0.233333,0.166667,0.5],[0.266667,0.2,0.133333,0.4],[0.2,0.2,0.133333,0.466667],[0.233333,0.2,0.1,0.466667],[0.3,0.266667,0.166667,0.266667],[0.233333,0.266667,0.1,0.4],[0.166667,0.266667,0.1,0.466667],[0.166667,0.233333,0.0666667,0.533333],[0.233333,0.333333,0.166667,0.266667],[0.233333,0.233333,0.133333,0.4],[0,0.566667,0,0.433333],[0.0666667,0.4,0,0.533333],[0,0.1,0,0.9],[0.0333333,0.6,0.0333333,0.333333],[0.0333333,0.1,0.0333333,0.833333],[0.0666667,0.433333,0.133333,0.366667],[0.0333333,0.2,0,0.766667],[0,0.666667,0,0.333333],[0.0333333,0.0333333,0.0333333,0.9],[0,0.7,0,0.3],[0,0.166667,0,0.833333],[0.0666667,0.6,0.0333333,0.3],[0,0,0,1],[0,0.733333,0,0.266667],[0.166667,0.166667,0,0.666667],[0,0.5,0,0.5],[0.0333333,0.166667,0,0.8],[0.0333333,0.3,0.1,0.566667],[0.1,0.3,0.0333333,0.566667],[0.166667,0.466667,0,0.366667],[0