<!DOCTYPE HTML>
<html>
  <head>
    <meta charset="UTF-8">
    <title>TOMTOM</title>
    <script>
      // @JSON_VAR data
      var data = {
        "program": "Tomtom",
        "version": "5.0.5",
        "release": "Mon Mar 18 20:12:19 2019 -0700",
        "cmd": [
          "tomtom", "-verbosity", "1", "-oc", "memechip_out/meme_tomtom_out",
          "-min-overlap", "5", "-dist", "pearson", "-evalue", "-thresh", "1",
          "-no-ssc", "memechip_out/meme_out/meme.xml",
          "/Users/bethkrizek/ChIPSeq/motif_databasesforMEME/motif_databases/ARABD/ArabidopsisDAPv1.meme"
        ],
        "options": {
          "strands": "both",
          "distance_measure": "pearson",
          "threshold_type": "evalue",
          "threshold_value": 1,
          "background_source": "--query--"
        },
        "alphabet": {
          "name": "DNA",
          "like": "dna",
          "ncore": 4,
          "symbols": [
            {
              "symbol": "A",
              "name": "Adenine",
              "colour": "CC0000",
              "complement": "T"
            }, {
              "symbol": "C",
              "name": "Cytosine",
              "colour": "0000CC",
              "complement": "G"
            }, {
              "symbol": "G",
              "name": "Guanine",
              "colour": "FFB300",
              "complement": "C"
            }, {
              "symbol": "T",
              "aliases": "U",
              "name": "Thymine",
              "colour": "008000",
              "complement": "A"
            }, {
              "symbol": "N",
              "aliases": "X.",
              "name": "Any base",
              "equals": "ACGT"
            }, {
              "symbol": "V",
              "name": "Not T",
              "equals": "ACG"
            }, {
              "symbol": "H",
              "name": "Not G",
              "equals": "ACT"
            }, {
              "symbol": "D",
              "name": "Not C",
              "equals": "AGT"
            }, {
              "symbol": "B",
              "name": "Not A",
              "equals": "CGT"
            }, {
              "symbol": "M",
              "name": "Amino",
              "equals": "AC"
            }, {
              "symbol": "R",
              "name": "Purine",
              "equals": "AG"
            }, {
              "symbol": "W",
              "name": "Weak",
              "equals": "AT"
            }, {
              "symbol": "S",
              "name": "Strong",
              "equals": "CG"
            }, {
              "symbol": "Y",
              "name": "Pyrimidine",
              "equals": "CT"
            }, {
              "symbol": "K",
              "name": "Keto",
              "equals": "GT"
            }
          ]
        },
        "background": [0.328, 0.172, 0.172, 0.328],
        "query_dbs": [
          {
            "source": "memechip_out/meme_out/meme.xml",
            "name": "meme.xml",
            "loaded": 5,
            "excluded": 0,
            "last_modified": "Mon Apr 27 12:17:43 2020"
          }
        ],
        "target_dbs": [
          {
            "source": "/Users/bethkrizek/ChIPSeq/motif_databasesforMEME/motif_databases/ARABD/ArabidopsisDAPv1.meme",
            "name": "ArabidopsisDAPv1",
            "loaded": 872,
            "excluded": 0,
            "last_modified": "Tue Aug 28 16:58:40 2018"
          }
        ],
        "queries": [
          {
            "db": 0,
            "id": "BCCCCACMHTYMCCA",
            "alt": "MEME-5",
            "len": 15,
            "nsites": 34,
            "evalue": "4.2e-001",
            "pwm": [
              [0.0302876, 0.323085, 0.323085, 0.323542], 
              [0.000961876, 0.792294, 0.0884806, 0.118264], 
              [0.0596134, 0.93892, 0.0005044, 0.000961876], 
              [0.000961876, 0.762968, 0.0005044, 0.235566], 
              [0.235566, 0.733642, 0.0005044, 0.0302876], 
              [0.646123, 0.117806, 0.0005044, 0.235566], 
              [0.000961876, 0.997572, 0.0005044, 0.000961876], 
              [0.47017, 0.35241, 0.0591559, 0.118264], 
              [0.294217, 0.35241, 0.0591559, 0.294217], 
              [0.000961876, 0.323085, 0.0005044, 0.675449], 
              [0.20624, 0.323085, 0.0005044, 0.47017], 
              [0.323542, 0.587014, 0.0005044, 0.0889381], 
              [0.0596134, 0.88027, 0.0005044, 0.0596134], 
              [0.000961876, 0.93892, 0.0005044, 0.0596134], 
              [0.880727, 0.0005044, 0.0591559, 0.0596134]
            ]
          }, {
            "db": 0,
            "id": "MAAAAAAAAAMAAAA",
            "alt": "MEME-3",
            "len": 15,
            "nsites": 183,
            "evalue": "7.2e-021",
            "pwm": [
              [0.540868, 0.453398, 0.00555495, 0.000179137], 
              [0.923172, 9.39379e-05, 0.0765552, 0.000179137], 
              [0.508099, 0.207631, 0.213093, 0.0711783], 
              [0.852173, 0.147554, 9.39379e-05, 0.000179137], 
              [0.764788, 0.0874782, 0.147554, 0.000179137], 
              [0.590021, 0.229477, 0.180323, 0.000179137], 
              [0.764788, 0.163938, 0.0710931, 0.000179137], 
              [0.775711, 0.158477, 9.39379e-05, 0.0657173], 
              [0.737481, 9.39379e-05, 0.262246, 0.000179137], 
              [0.852173, 0.147554, 9.39379e-05, 0.000179137], 
              [0.360638, 0.469782, 0.1694, 0.000179137], 
              [0.928634, 0.0710931, 9.39379e-05, 0.000179137], 
              [0.901326, 0.0984012, 9.39379e-05, 0.000179137], 
              [0.945018, 0.00555495, 0.0492471, 0.000179137], 
              [0.824865, 0.0710931, 0.103862, 0.000179137]
            ]
          }, {
            "db": 0,
            "id": "NNNNKCMTYGRDWHYYGTG",
            "alt": "MEME-2",
            "len": 19,
            "nsites": 355,
            "evalue": "8.0e-045",
            "pwm": [
              [0.371819, 0.214073, 0.211257, 0.202852], 
              [0.315497, 0.236602, 0.205625, 0.242278], 
              [0.214117, 0.298556, 0.211257, 0.276071], 
              [0.225381, 0.281659, 0.191543, 0.301415], 
              [0.135265, 0.10706, 0.425281, 0.332393], 
              [0.0254372, 0.737869, 4.84371e-05, 0.236646], 
              [0.250726, 0.47597, 0.129589, 0.143714], 
              [0.0198048, 0.0113133, 4.84371e-05, 0.968833], 
              [0.0338858, 0.608328, 0.0197609, 0.338025], 
              [0.022621, 4.84371e-05, 0.957525, 0.0198048], 
              [0.46475, 0.00286464, 0.385855, 0.14653], 
              [0.270439, 4.84371e-05, 0.447809, 0.281703], 
              [0.478831, 0.121141, 0.138038, 0.261991], 
              [0.222565, 0.222521, 0.121141, 0.433773], 
              [0.154979, 0.25913, 0.174647, 0.411245], 
              [0.0704955, 0.566086, 0.0422905, 0.321129], 
              [0.0423345, 0.0225771, 0.934996, 9.23683e-05], 
              [0.16061, 0.199992, 0.0817154, 0.557681], 
              [0.0592307, 0.0225771, 0.9181, 9.23683e-05]
            ]
          }, {
            "db": 0,
            "id": "YGYRHRTGHCACGTG",
            "alt": "MEME-4",
            "len": 15,
            "nsites": 88,
            "evalue": "1.5e-011",
            "pwm": [
              [0.0911781, 0.329366, 0.0682998, 0.511156], 
              [0.147932, 0.0682998, 0.772045, 0.0117234], 
              [0.147932, 0.261263, 0.181807, 0.408999], 
              [0.465752, 0.000195233, 0.465575, 0.0684769], 
              [0.284141, 0.23856, 0.125053, 0.352245], 
              [0.374947, 0.136404, 0.37477, 0.113879], 
              [0.26144, 0.147755, 0.000195233, 0.590611], 
              [0.000372304, 0.306665, 0.69259, 0.000372304], 
              [0.250089, 0.420173, 0.0796499, 0.250089], 
              [0.000372304, 0.806097, 0.193158, 0.000372304], 
              [0.953834, 0.000195233, 0.0455986, 0.000372304], 
              [0.000372304, 0.806097, 0.000195233, 0.193335], 
              [0.000372304, 0.000195233, 0.99906, 0.000372304], 
              [0.0117234, 0.159106, 0.000195233, 0.828976], 
              [0.000372304, 0.0115463, 0.987709, 0.000372304]
            ]
          }, {
            "db": 0,
            "id": "YYTYTYTYTYTYTYTYTYYYY",
            "alt": "MEME-1",
            "len": 21,
            "nsites": 689,
            "evalue": "5.7e-194",
            "pwm": [
              [0.0929221, 0.471655, 0.137886, 0.297537], 
              [0.158225, 0.419412, 0.0508156, 0.371547], 
              [0.165481, 0.162555, 2.49601e-05, 0.671938], 
              [0.0943739, 0.461496, 0.0899969, 0.354132], 
              [0.0145595, 0.153849, 0.0363037, 0.795288], 
              [0.104531, 0.422315, 0.158202, 0.314951], 
              [0.0276196, 0.177067, 0.00147575, 0.793836], 
              [0.0813128, 0.576138, 0.00147575, 0.341072], 
              [0.0261688, 0.0537182, 0.0493648, 0.870748], 
              [4.75983e-05, 0.565981, 2.49601e-05, 0.433947], 
              [4.75983e-05, 0.169811, 0.0188902, 0.811251], 
              [0.079862, 0.507934, 0.0435596, 0.368644], 
              [4.75983e-05, 0.00292754, 0.0392063, 0.957819], 
              [0.0668009, 0.54131, 0.0522674, 0.339621], 
              [0.143714, 0.190128, 2.49601e-05, 0.666134], 
              [4.75983e-05, 0.39184, 0.0783876, 0.529724], 
              [0.119043, 0.248175, 0.0087317, 0.62405], 
              [0.105983, 0.296063, 0.133533, 0.464421], 
              [0.117593, 0.262687, 0.152398, 0.467324], 
              [0.179992, 0.349756, 0.0174394, 0.452812], 
              [0.140811, 0.312026, 0.0087317, 0.538431]
            ]
          }
        ],
        "targets": [
          {
            "db": 0,
            "id": "ABI3VP1_tnt.AT5G60130_col_a_m1",
            "alt": "AT5G60130",
            "len": 19,
            "nsites": 600,
            "evalue": "4.9e-949",
            "url": "http://neomorph.salk.edu/dap_web/pages/browse_table_aj.php?AGI=AT5G60130",
            "pwm": [
              [0.701605, 0.0516871, 0.138339, 0.10837], 
              [0.773259, 0.0300237, 0.0950128, 0.101705], 
              [0.0350488, 0.0200253, 0.896546, 0.0483796], 
              [0.201688, 0.459952, 0.213326, 0.125034], 
              [0.886574, 0.0316904, 0.0550195, 0.0267172], 
              [0.849913, 0.00169538, 0.040022, 0.10837], 
              [0.788256, 2.8662e-05, 0.0150262, 0.196689], 
              [0.626617, 0.0366896, 0.0433544, 0.293339], 
              [0.361661, 0.194996, 0.136673, 0.306671], 
              [0.368326, 0.264985, 0.120009, 0.246681], 
              [0.248346, 0.133339, 0.145004, 0.473309], 
              [0.729933, 0.0366896, 0.140005, 0.0933721], 
              [0.834916, 0.010027, 0.040022, 0.115035], 
              [0.021718, 2.8662e-05, 0.938205, 0.040048], 
              [0.190023, 0.439955, 0.258319, 0.111703], 
              [0.899905, 0.040022, 0.0183586, 0.0417147], 
              [0.861578, 0.0250245, 0.0416887, 0.0717097], 
              [0.794922, 0.0300237, 0.0183586, 0.156696], 
              [0.64328, 0.040022, 0.0433544, 0.273342]
            ]
          }, {
            "db": 0,
            "id": "ABI3VP1_tnt.AT5G60130_colamp_a_m1",
            "alt": "AT5G60130",
            "len": 21,
            "nsites": 155,
            "evalue": "1.4e-453",
            "url": "http://neomorph.salk.edu/dap_web/pages/browse_table_aj.php?AGI=AT5G60130",
            "pwm": [
              [0.309689, 0.07748, 0.25801, 0.354822], 
              [0.174293, 0.000110896, 0.000110896, 0.825485], 
              [0.0840284, 0.00655874, 0.00655874, 0.902855], 
              [0.058239, 0.0194534, 0.00655874, 0.91575], 
              [0.000211476, 0.000110896, 0.000110896, 0.999567], 
              [0.0646859, 0.245114, 0.561039, 0.12916], 
              [0.0131062, 0.915649, 0.000110896, 0.0711337], 
              [0.0324487, 0.0452428, 0.000110896, 0.922198], 
              [0.0260008, 0.07748, 0.0194534, 0.877065], 
              [0.696536, 0.07748, 0.0645853, 0.161397], 
              [0.271005, 0.0387959, 0.12906, 0.56114], 
              [0.303242, 0.12906, 0.264456, 0.303242], 
              [0.154951, 0.000110896, 0.0259003, 0.819038], 
              [0.103371, 0.000110896, 0.0259003, 0.870618], 
              [0.019554, 0.000110896, 0.00655874, 0.973777], 
              [0.0131062, 0.000110896, 0.000110896, 0.986672], 
              [0.0517912, 0.116165, 0.780253, 0.0517912], 
              [0.019554, 0.915649, 0.000110896, 0.0646859], 
              [0.0131062, 0.0194534, 0.0130056, 0.954435], 
              [0.0324487, 0.15485, 0.0130056, 0.799696], 
              [0.657852, 0.109717, 0.07748, 0.154951]
            ]
          }, {
            "db": 0,
            "id": "ABI3VP1_tnt.VRN1_col_a_m1",
            "alt": "VRN1",
            "len": 29,
            "nsites": 575,
            "evalue": "4.9e-3494",
            "url": "http://neomorph.salk.edu/dap_web/pages/browse_table_aj.php?AGI=VRN1",
            "pwm": [
              [0.196545, 0.106098, 0.102621, 0.594737], 
              [0.177417, 0.132181, 0.0747999, 0.615602], 
              [0.198284, 0.102621, 0.0661054, 0.63299], 
              [0.074827, 0.0817547, 0.170435, 0.672983], 
              [0.116559, 0.102621, 0.0174179, 0.763402], 
              [0.0835205, 0.0087244, 0.0678441, 0.839911], 
              [0.017445, 0.0904492, 0.0382843, 0.853822], 
              [0.0400501, 0.0313285, 0.0313285, 0.897292], 
              [0.0609164, 2.99079e-05, 0.040023, 0.899031], 
              [0.0157063, 0.0261124, 2.99079e-05, 0.958151], 
              [5.70335e-05, 2.99079e-05, 0.0243737, 0.975539], 
              [0.0104902, 0.0261124, 2.99079e-05, 0.963368], 
              [0.0104902, 0.0069857, 0.0087244, 0.973801], 
              [0.00353443, 0.0069857, 0.0174179, 0.972062], 
              [0.0139676, 2.99079e-05, 0.0139405, 0.972062], 
              [0.017445, 0.0087244, 2.99079e-05, 0.973801], 
              [5.70335e-05, 0.0122018, 2.99079e-05, 0.987711], 
              [5.70335e-05, 0.0139405, 2.99079e-05, 0.985973], 
              [5.70335e-05, 0.0035073, 0.0069857, 0.98945], 
              [0.00353443, 2.99079e-05, 0.0104631, 0.985973], 
              [5.70335e-05, 2.99079e-05, 2.99079e-05, 0.999883], 
              [5.70335e-05, 0.005246, 2.99079e-05, 0.994667], 
              [5.70335e-05, 2.99079e-05, 2.99079e-05, 0.999883], 
              [0.00764871, 0.000262867, 0.00374026, 0.988348], 
              [5.70335e-05, 0.0295898, 0.0087244, 0.961629], 
              [0.00527313, 0.0174179, 0.062628, 0.914681], 
              [0.0574381, 2.99079e-05, 0.332146, 0.610386], 
              [0.121775, 0.0295898, 0.163479, 0.685155], 
              [0.145017, 0.3602, 0.231527, 0.263256]
            ]
          }, {
            "db": 0,
            "id": "ABI3VP1_tnt.VRN1_colamp_a_m1",
            "alt": "VRN1",
            "len": 19,
            "nsites": 373,
            "evalue": "8.8e-964",
            "url": "http://neomorph.salk.edu/dap_web/pages/browse_table_aj.php?AGI=VRN1",
            "pwm": [
              [0.227909, 0.329717, 0.284152, 0.158223], 
              [0.396765, 0.00540666, 0.0107672, 0.587062], 
              [0.00544847, 0.198384, 0.434246, 0.361921], 
              [0.147501, 0.14746, 0.131378, 0.573661], 
              [0.0670939, 0.0107672, 0.0536507, 0.868488], 
              [8.7912e-05, 0.00540666, 0.0188081, 0.975697], 
              [8.7912e-05, 4.61004e-05, 0.0134475, 0.986418], 
              [8.7912e-05, 4.61004e-05, 0.0188081, 0.981058], 
              [8.7912e-05, 4.61004e-05, 4.61004e-05, 0.99982], 
              [8.7912e-05, 0.0107672, 0.00540666, 0.983738], 
              [8.7912e-05, 4.61004e-05, 0.0134475, 0.986418], 
              [8.7912e-05, 4.61004e-05, 0.00808694, 0.991779], 
              [8.7912e-05, 0.03757, 0.0697324, 0.89261], 
              [8.7912e-05, 0.115297, 0.144779, 0.739836], 
              [0.010809, 0.131378, 0.117976, 0.739836], 
              [0.0242104, 0.109937, 0.120657, 0.745196], 
              [0.0161696, 0.120657, 0.227867, 0.635307], 
              [0.115339, 0.107256, 0.361879, 0.415527], 
              [0.123379, 0.211785, 0.278791, 0.386043]
            ]
          }, {
            "db": 0,
            "id": "AP2EREBP_tnt.AIL7_col_a_m1",
            "alt": "AIL7",
            "len": 11,
            "nsites": 539,
            "evalue": "4.2e-413",
            "url": "http://neomorph.salk.edu/dap_web/pages/browse_table_aj.php?AGI=AIL7",
            "pwm": [
              [0.0204651, 0.955328, 0.00188656, 0.0223197], 
              [0.211525, 0.0315661, 0.70491, 0.0519992], 
              [0.33766, 0.191091, 0.293113, 0.178136], 
              [0.421133, 0.0853591, 0.0556806, 0.437828], 
              [0.159586, 0.0742301, 0.0204361, 0.745748], 
              [0.172571, 0.461913, 0.00374222, 0.361775], 
              [0.0612735, 0.571355, 3.19051e-05, 0.36734], 
              [6.08421e-05, 0.999846, 3.19051e-05, 6.08421e-05], 
              [0.246768, 0.0334207, 0.654827, 0.0649838], 
              [0.959067, 3.19051e-05, 3.19051e-05, 0.0408693], 
              [0.0594188, 0.0111618, 0.747574, 0.181845]
            ]
          }, {
            "db": 0,
            "id": "AP2EREBP_tnt.AIL7_colamp_a_m1",
            "alt": "AIL7",
            "len": 12,
            "nsites": 600,
            "evalue": "1.9e-555",
            "url": "http://neomorph.salk.edu/dap_web/pages/browse_table_aj.php?AGI=AIL7",
            "pwm": [
              [0.584957, 0.0850145, 0.158335, 0.171693], 
              [0.0367155, 0.903211, 0.0183586, 0.0417147], 
              [0.34833, 0.0366896, 0.544938, 0.070043], 
              [0.476642, 0.145004, 0.213326, 0.165027], 
              [0.438315, 0.0683503, 0.0583519, 0.434982], 
              [0.158361, 0.0683503, 0.0200253, 0.753262], 
              [0.173359, 0.506611, 0.00669455, 0.313335], 
              [0.0267172, 0.581599, 2.8662e-05, 0.391656], 
              [0.00172138, 0.99653, 2.8662e-05, 0.00172138], 
              [0.241681, 0.0550195, 0.634923, 0.0683763], 
              [0.998221, 2.8662e-05, 0.00169538, 5.46575e-05], 
              [0.0383813, 0.010027, 0.733239, 0.218351]
            ]
          }, {
            "db": 0,
            "id": "AP2EREBP_tnt.PLT1_col_a_m1",
            "alt": "PLT1",
            "len": 19,
            "nsites": 195,
            "evalue": "1.3e-357",
            "url": "http://neomorph.salk.edu/dap_web/pages/browse_table_aj.php?AGI=PLT1",
            "pwm": [
              [0.153935, 0.066721, 0.497269, 0.282075], 
              [0.215443, 0.025716, 0.569027, 0.189815], 
              [0.0155452, 0.876562, 8.81602e-05, 0.107805], 
              [0.748502, 0.0462185, 0.123102, 0.0821771], 
              [0.0104189, 0.958571, 0.0154653, 0.0155452], 
              [0.14881, 0.0205906, 0.799678, 0.0309213], 
              [0.302577, 0.210236, 0.328125, 0.159061], 
              [0.471721, 0.0462185, 0.0820971, 0.399963], 
              [0.189815, 0.1026, 0.025716, 0.68187], 
              [0.220568, 0.420386, 8.81602e-05, 0.358958], 
              [0.0668009, 0.528022, 0.00521353, 0.399963], 
              [0.000168119, 0.989325, 8.81602e-05, 0.0104189], 
              [0.241071, 0.0462185, 0.645911, 0.0668009], 
              [0.968902, 8.81602e-05, 0.0308414, 0.000168119], 
              [0.0821771, 0.0462185, 0.72792, 0.143685], 
              [0.389712, 0.0154653, 0.584404, 0.0104189], 
              [0.410214, 0.317874, 0.0513439, 0.220568], 
              [0.410214, 0.143605, 0.251241, 0.19494], 
              [0.36921, 0.169232, 0.276869, 0.184688]
            ]
          }, {
            "db": 0,
            "id": "AP2EREBP_tnt.PLT1_colamp_a_m1",
            "alt": "PLT1",
            "len": 14,
            "nsites": 487,
            "evalue": "4.0e-412",
            "url": "http://neomorph.salk.edu/dap_web/pages/browse_table_aj.php?AGI=PLT1",
            "pwm": [
              [0.219735, 0.03083, 0.437318, 0.312118], 
              [0.0452331, 0.718574, 0.0164589, 0.219735], 
              [0.482514, 0.0985781, 0.223808, 0.195099], 
              [0.100663, 0.761686, 0.0493062, 0.0883452], 
              [0.310066, 0.0677834, 0.535859, 0.0862916], 
              [0.45172, 0.180696, 0.186855, 0.180728], 
              [0.43735, 0.0595711, 0.0883132, 0.414766], 
              [0.15404, 0.0780483, 0.0493062, 0.718606], 
              [0.162252, 0.55023, 0.0103002, 0.277217], 
              [0.030862, 0.537913, 3.53111e-05, 0.43119], 
              [0.0390733, 0.95877, 0.00208789, 6.73372e-05], 
              [0.266953, 0.0390413, 0.656984, 0.0370207], 
              [0.987545, 0.00208789, 0.0103002, 6.73372e-05], 
              [0.0945039, 0.0164589, 0.751421, 0.137616]
            ]
          }, {
            "db": 0,
            "id": "AP2EREBP_tnt.PLT3_col_a_m1",
            "alt": "PLT3",
            "len": 15,
            "nsites": 531,
            "evalue": "5.3e-659",
            "url": "http://neomorph.salk.edu/dap_web/pages/browse_table_aj.php?AGI=PLT3",
            "pwm": [
              [0.0207739, 0.649628, 0.0301587, 0.29944], 
              [0.254251, 0.660925, 0.0245098, 0.0603144], 
              [0.00382705, 0.0452219, 0.00568132, 0.94527], 
              [0.0621971, 0.672222, 0.0621677, 0.203413], 
              [0.00382705, 0.0132129, 0.973484, 0.00947599], 
              [0.418062, 3.23857e-05, 0.523474, 0.0584308], 
              [0.314504, 0.0132129, 0.448159, 0.224125], 
              [0.692963, 0.0301587, 0.0866451, 0.190233], 
              [0.419945, 0.0452219, 0.0772308, 0.457603], 
              [0.180819, 0.288114, 0.182672, 0.348395], 
              [0.0697286, 0.700465, 0.0320414, 0.197765], 
              [0.0433686, 0.0207445, 0.890637, 0.0452512], 
              [0.156341, 0.146898, 0.111122, 0.585638], 
              [0.184584, 0.0263924, 0.726826, 0.0621971], 
              [0.246719, 0.489582, 0.0452219, 0.218477]
            ]
          }, {
            "db": 0,
            "id": "BBRBPC_tnt.BPC1_col_a_m1",
            "alt": "BPC1",
            "len": 24,
            "nsites": 539,
            "evalue": "3.9e-3844",
            "url": "http://neomorph.salk.edu/dap_web/pages/browse_table_aj.php?AGI=BPC1",
            "pwm": [
              [0.152167, 0.0334207, 0.780963, 0.0334496], 
              [0.895999, 0.00745153, 0.0538249, 0.0427249], 
              [0.0149001, 0.0278557, 0.89597, 0.0612735], 
              [0.929387, 3.19051e-05, 0.0334207, 0.03716], 
              [0.124342, 0.0167268, 0.831047, 0.0278847], 
              [0.927533, 3.19051e-05, 0.0723745, 6.08421e-05], 
              [0.079823, 0.0315661, 0.855161, 0.0334496], 
              [0.886723, 0.00559687, 0.0816498, 0.02603], 
              [0.0724034, 3.19051e-05, 0.894115, 0.0334496], 
              [0.964632, 0.0111618, 0.00374222, 0.0204651], 
              [0.0501446, 0.00374222, 0.942343, 0.00377115], 
              [0.960922, 0.0204361, 0.00559687, 0.0130454], 
              [0.115068, 0.0167268, 0.834756, 0.0334496], 
              [0.853335, 3.19051e-05, 0.103909, 0.0427249], 
              [0.100228, 3.19051e-05, 0.857016, 0.0427249], 
              [0.899708, 3.19051e-05, 0.100199, 6.08421e-05], 
              [0.0761137, 0.0185815, 0.86629, 0.0390146], 
              [0.942372, 3.19051e-05, 0.0167268, 0.0408693], 
              [0.131761, 0.00374222, 0.851451, 0.0130454], 
              [0.886723, 0.0222908, 0.0649549, 0.02603], 
              [0.135472, 0.0352754, 0.816207, 0.0130454], 
              [0.834785, 0.0278557, 0.0723745, 0.0649838], 
              [0.0872437, 0.037131, 0.792093, 0.0835334], 
              [0.808816, 0.0408403, 0.0797941, 0.0705488]
            ]
          }, {
            "db": 0,
            "id": "BBRBPC_tnt.BPC1_colamp_a_m1",
            "alt": "BPC1",
            "len": 15,
            "nsites": 598,
            "evalue": "1.5e-2331",
            "url": "http://neomorph.salk.edu/dap_web/pages/browse_table_aj.php?AGI=BPC1",
            "pwm": [
              [0.128796, 0.665469, 0.0234358, 0.182298], 
              [0.0869973, 0.0886429, 0.040156, 0.784205], 
              [0.0502135, 0.782507, 0.0418278, 0.125452], 
              [0.0334942, 0.0735955, 2.87578e-05, 0.892883], 
              [0.0268064, 0.635375, 0.0200924, 0.317728], 
              [5.48402e-05, 0.0200924, 2.87578e-05, 0.979824], 
              [0.0151023, 0.956391, 0.00170048, 0.0268064], 
              [0.005071, 0.00504492, 2.87578e-05, 0.989856], 
              [0.016774, 0.963079, 0.00504492, 0.0151023], 
              [5.48402e-05, 2.87578e-05, 2.87578e-05, 0.999888], 
              [0.00339828, 0.874465, 0.00838836, 0.113748], 
              [0.00841444, 0.0100601, 2.87578e-05, 0.981496], 
              [0.00339828, 0.919607, 0.016748, 0.0602458], 
              [0.00172656, 0.0769389, 0.00170048, 0.919633], 
              [0.15722, 0.56348, 0.0117328, 0.267569]
            ]
          }, {
            "db": 0,
            "id": "BBRBPC_tnt.BPC5_col_a_m1",
            "alt": "BPC5",
            "len": 30,
            "nsites": 102,
            "evalue": "1.0e-1327",
            "url": "http://neomorph.salk.edu/dap_web/pages/browse_table_aj.php?AGI=BPC5",
            "pwm": [
              [0.930782, 0.000168463, 0.0687282, 0.000321253], 
              [0.0297044, 0.000168463, 0.969806, 0.000321253], 
              [0.999342, 0.000168463, 0.000168463, 0.000321253], 
              [0.01991, 0.000168463, 0.960011, 0.01991], 
              [0.979753, 0.000168463, 0.000168463, 0.01991], 
              [0.0101157, 0.000168463, 0.969806, 0.01991], 
              [0.969959, 0.000168463, 0.000168463, 0.0297044], 
              [0.000321253, 0.00996286, 0.9796, 0.0101157], 
              [0.969959, 0.000168463, 0.0197573, 0.0101157], 
              [0.0101157, 0.00996286, 0.9796, 0.000321253], 
              [0.999342, 0.000168463, 0.000168463, 0.000321253], 
              [0.000321253, 0.000168463, 0.999189, 0.000321253], 
              [0.999342, 0.000168463, 0.000168463, 0.000321253], 
              [0.0394988, 0.000168463, 0.950217, 0.0101157], 
              [0.989547, 0.000168463, 0.00996286, 0.000321253], 
              [0.01991, 0.000168463, 0.9796, 0.000321253], 
              [0.989547, 0.000168463, 0.00996286, 0.000321253], 
              [0.0101157, 0.00996286, 0.9796, 0.000321253], 
              [0.960164, 0.000168463, 0.00996286, 0.0297044], 
              [0.0101157, 0.00996286, 0.969806, 0.0101157], 
              [0.989547, 0.000168463, 0.00996286, 0.000321253], 
              [0.000321253, 0.00996286, 0.989395, 0.000321253], 
              [0.979753, 0.000168463, 0.000168463, 0.01991], 
              [0.0101157, 0.00996286, 0.969806, 0.0101157], 
              [0.960164, 0.000168463, 0.0295517, 0.0101157], 
              [0.0101157, 0.00996286, 0.969806, 0.0101157], 
              [0.960164, 0.000168463, 0.000168463, 0.0394988], 
              [0.000321253, 0.0393461, 0.960011, 0.000321253], 
              [0.979753, 0.0197573, 0.000168463, 0.000321253], 
              [0.0492932, 0.0295517, 0.891452, 0.0297044]
            ]
          }, {
            "db": 0,
            "id": "BBRBPC_tnt.BPC5_colamp_a_m1",
            "alt": "BPC5",
            "len": 29,
            "nsites": 50,
            "evalue": "6.7e-260",
            "url": "http://neomorph.salk.edu/dap_web/pages/browse_table_aj.php?AGI=BPC5",
            "pwm": [
              [0.379896, 0.100144, 0.439465, 0.080495], 
              [0.659337, 0.0602236, 0.279784, 0.00065469], 
              [0.280096, 0.100144, 0.539265, 0.080495], 
              [0.599457, 0.120104, 0.239864, 0.0405748], 
              [0.280096, 0.140064, 0.499345, 0.080495], 
              [0.559537, 0.140064, 0.160024, 0.140375], 
              [0.339976, 0.000343314, 0.519305, 0.140375], 
              [0.659337, 0.0602236, 0.239864, 0.0405748], 
              [0.180295, 0.0402635, 0.778786, 0.00065469], 
              [0.799058, 0.000343314, 0.000343314, 0.200255], 
              [0.0405748, 0.0402635, 0.818707, 0.100455], 
              [0.719218, 0.100144, 0.140064, 0.0405748], 
              [0.260136, 0.000343314, 0.718906, 0.0206148], 
              [0.739178, 0.0402635, 0.179984, 0.0405748], 
              [0.0605349, 0.0203034, 0.838667, 0.080495], 
              [0.819018, 0.000343314, 0.0602236, 0.120415], 
              [0.120415, 0.000343314, 0.878587, 0.00065469], 
              [0.938778, 0.000343314, 0.0602236, 0.00065469], 
              [0.180295, 0.000343314, 0.798747, 0.0206148], 
              [0.918818, 0.000343314, 0.0801836, 0.00065469], 
              [0.140375, 0.0203034, 0.838667, 0.00065469], 
              [0.978699, 0.000343314, 0.000343314, 0.0206148], 
              [0.080495, 0.000343314, 0.898547, 0.0206148], 
              [0.858938, 0.0203034, 0.120104, 0.00065469], 
              [0.160335, 0.000343314, 0.798747, 0.0405748], 
              [0.958739, 0.000343314, 0.0402635, 0.00065469], 
              [0.0605349, 0.000343314, 0.938467, 0.00065469], 
              [0.998659, 0.000343314, 0.000343314, 0.00065469], 
              [0.080495, 0.0602236, 0.838667, 0.0206148]
            ]
          }, {
            "db": 0,
            "id": "BBRBPC_tnt.BPC6_col_a_m1",
            "alt": "BPC6",
            "len": 21,
            "nsites": 188,
            "evalue": "9.7e-1194",
            "url": "http://neomorph.salk.edu/dap_web/pages/browse_table_aj.php?AGI=BPC6",
            "pwm": [
              [0.127767, 0.712479, 0.0107238, 0.149031], 
              [0.0958685, 0.101102, 9.1441e-05, 0.802938], 
              [0.0692866, 0.856019, 0.0532542, 0.0214401], 
              [0.079919, 0.0373056, 0.0266733, 0.856102], 
              [0.0639704, 0.755009, 0.0373056, 0.143715], 
              [0.0320724, 0.0107238, 0.0266733, 0.930531], 
              [0.000174375, 0.850703, 0.01604, 0.133083], 
              [0.0108067, 0.0319895, 0.00540761, 0.951796], 
              [0.00549055, 0.94108, 0.0107238, 0.0427048], 
              [0.000174375, 0.00540761, 9.1441e-05, 0.994327], 
              [0.00549055, 0.893233, 9.1441e-05, 0.101185], 
              [0.0108067, 9.1441e-05, 9.1441e-05, 0.98901], 
              [0.0108067, 0.988927, 9.1441e-05, 0.000174375], 
              [0.000174375, 0.00540761, 9.1441e-05, 0.994327], 
              [0.0639704, 0.89855, 9.1441e-05, 0.0373886], 
              [0.0214401, 0.01604, 9.1441e-05, 0.962429], 
              [0.0639704, 0.893233, 0.0266733, 0.0161229], 
              [0.0427048, 0.0319895, 9.1441e-05, 0.925214], 
              [0.0320724, 0.903866, 9.1441e-05, 0.0639704], 
              [0.0161229, 0.0107238, 0.0107238, 0.962429], 
              [0.26599, 0.653999, 0.00540761, 0.0746028]
            ]
          }, {
            "db": 0,
            "id": "BZR_tnt.At4g18890_col_a_m1",
            "alt": "At4g18890",
            "len": 11,
            "nsites": 590,
            "evalue": "1.3e-1334",
            "url": "http://neomorph.salk.edu/dap_web/pages/browse_table_aj.php?AGI=At4g18890",
            "pwm": [
              [0.00513972, 0.540616, 0.0728978, 0.381347], 
              [0.303394, 0.0474791, 0.649072, 5.55837e-05], 
              [5.55837e-05, 0.998165, 2.91477e-05, 0.0017503], 
              [0.999886, 2.91477e-05, 2.91477e-05, 5.55837e-05], 
              [5.55837e-05, 0.99986, 2.91477e-05, 5.55837e-05], 
              [0.0017503, 2.91477e-05, 0.998165, 5.55837e-05], 
              [0.0017503, 2.91477e-05, 2.91477e-05, 0.998191], 
              [5.55837e-05, 2.91477e-05, 0.99986, 5.55837e-05], 
              [0.0864819, 0.125432, 0.101707, 0.68638], 
              [0.101733, 0.237277, 0.572813, 0.0881766], 
              [0.405072, 0.15424, 0.303368, 0.13732]
            ]
          }, {
            "db": 0,
            "id": "BZR_tnt.At4g18890_colamp_a_m1",
            "alt": "At4g18890",
            "len": 11,
            "nsites": 304,
            "evalue": "2.3e-688",
            "url": "http://neomorph.salk.edu/dap_web/pages/browse_table_aj.php?AGI=At4g18890",
            "pwm": [
              [0.0198384, 0.513046, 0.0855544, 0.381561], 
              [0.273044, 0.00334448, 0.723503, 0.000107859], 
              [0.000107859, 0.99644, 5.65605e-05, 0.00339578], 
              [0.999779, 5.65605e-05, 5.65605e-05, 0.000107859], 
              [0.000107859, 0.999728, 5.65605e-05, 0.000107859], 
              [0.000107859, 5.65605e-05, 0.999728, 0.000107859], 
              [0.000107859, 5.65605e-05, 5.65605e-05, 0.999779], 
              [0.000107859, 5.65605e-05, 0.999728, 0.000107859], 
              [0.0395689, 0.180918, 0.115151, 0.664363], 
              [0.11849, 0.144746, 0.6676, 0.0691641], 
              [0.414446, 0.13488, 0.328895, 0.121779]
            ]
          }, {
            "db": 0,
            "id": "C2C2dof_tnt.AT1G47655_colamp_a_m1",
            "alt": "AT1G47655",
            "len": 15,
            "nsites": 571,
            "evalue": "6.0e-356",
            "url": "http://neomorph.salk.edu/dap_web/pages/browse_table_aj.php?AGI=AT1G47655",
            "pwm": [
              [0.0876081, 0.329219, 0.108592, 0.47458], 
              [0.131383, 0.364239, 3.01174e-05, 0.504347], 
              [0.0735996, 0.19089, 0.0718215, 0.663689], 
              [0.0893588, 0.0823277, 0.0525599, 0.775754], 
              [0.0263228, 0.210151, 0.0210424, 0.742484], 
              [0.136636, 0.115597, 0.13836, 0.609408], 
              [0.227689, 0.169877, 0.234665, 0.367769], 
              [5.74329e-05, 0.964835, 0.00878558, 0.0263228], 
              [5.74329e-05, 0.0735722, 3.01174e-05, 0.92634], 
              [5.74329e-05, 0.0210424, 3.01174e-05, 0.97887], 
              [0.00706121, 0.0893315, 3.01174e-05, 0.903577], 
              [0.164652, 0.110344, 0.106841, 0.618163], 
              [0.0508365, 0.189139, 0.143613, 0.616411], 
              [0.0928612, 0.320464, 0.241669, 0.345006], 
              [0.203174, 0.2084, 0.126103, 0.462323]
            ]
          }, {
            "db": 0,
            "id": "C2C2dof_tnt.AT1G69570_col_a_m1",
            "alt": "AT1G69570",
            "len": 27,
            "nsites": 596,
            "evalue": "4.8e-893",
            "url": "http://neomorph.salk.edu/dap_web/pages/browse_table_aj.php?AGI=AT1G69570",
            "pwm": [
              [0.219817, 0.201337, 0.0956508, 0.483195], 
              [0.23156, 0.142622, 0.104038, 0.521779], 
              [0.152714, 0.0855845, 0.13759, 0.624111], 
              [0.125873, 0.070487, 0.189594, 0.614046], 
              [0.11413, 0.44123, 0.0369357, 0.407705], 
              [0.58385, 0.120814, 0.135912, 0.159424], 
              [5.50242e-05, 0.999861, 2.88543e-05, 5.50242e-05], 
              [5.50242e-05, 0.0402901, 2.88543e-05, 0.959626], 
              [5.50242e-05, 0.00673873, 2.88543e-05, 0.993177], 
              [5.50242e-05, 2.88543e-05, 2.88543e-05, 0.999887], 
              [0.149359, 0.0352579, 0.0134496, 0.801933], 
              [0.134261, 0.172819, 0.100683, 0.592238], 
              [0.164457, 0.419421, 0.0990052, 0.317116], 
              [0.134261, 0.253342, 0.0503564, 0.562042], 
              [0.109097, 0.134234, 0.0352579, 0.721411], 
              [0.110774, 0.104038, 0.0419678, 0.743219], 
              [0.140971, 0.100683, 0.0570663, 0.701279], 
              [0.16278, 0.182884, 0.0604217, 0.593915], 
              [0.130905, 0.238244, 0.100683, 0.530167], 
              [0.191298, 0.184562, 0.0855845, 0.538556], 
              [0.122517, 0.167786, 0.114104, 0.595593], 
              [0.134261, 0.13759, 0.0939731, 0.634177], 
              [0.166134, 0.127524, 0.0872622, 0.619079], 
              [0.203041, 0.166108, 0.0990052, 0.531845], 
              [0.191298, 0.149333, 0.135912, 0.523457], 
              [0.224849, 0.164431, 0.122491, 0.488228], 
              [0.256723, 0.204693, 0.0805523, 0.458032]
            ]
          }, {
            "db": 0,
            "id": "C2C2dof_tnt.AT1G69570_colamp_a_m1",
            "alt": "AT1G69570",
            "len": 21,
            "nsites": 598,
            "evalue": "1.6e-663",
            "url": "http://neomorph.salk.edu/dap_web/pages/browse_table_aj.php?AGI=AT1G69570",
            "pwm": [
              [0.414702, 0.163881, 0.172241, 0.249177], 
              [0.476564, 0.135458, 0.155521, 0.232457], 
              [0.573538, 0.147161, 0.167225, 0.112076], 
              [0.573538, 0.100346, 0.143818, 0.182298], 
              [0.508331, 0.143818, 0.230759, 0.117092], 
              [0.521707, 0.11205, 0.157193, 0.20905], 
              [0.523378, 0.0936581, 0.244135, 0.138828], 
              [0.513347, 0.0852985, 0.247479, 0.153875], 
              [0.62704, 0.0635631, 0.135458, 0.173939], 
              [0.715654, 0.040156, 0.135458, 0.108733], 
              [0.667167, 0.0919864, 0.147161, 0.0936842], 
              [0.556818, 0.0953308, 0.220728, 0.127124], 
              [0.287632, 0.143818, 0.434739, 0.133811], 
              [0.585241, 0.130442, 0.153849, 0.130468], 
              [0.718999, 0.0267803, 0.0418278, 0.212394], 
              [0.999888, 2.87578e-05, 2.87578e-05, 5.48402e-05], 
              [0.999888, 2.87578e-05, 2.87578e-05, 5.48402e-05], 
              [0.979824, 2.87578e-05, 0.0200924, 5.48402e-05], 
              [5.48402e-05, 2.87578e-05, 0.999862, 5.48402e-05], 
              [0.0853246, 0.183944, 0.150506, 0.580226], 
              [0.339463, 0.040156, 0.488241, 0.13214]
            ]
          }, {
            "db": 0,
            "id": "C2C2dof_tnt.AT2G28810_col_a_m1",
            "alt": "AT2G28810",
            "len": 21,
            "nsites": 600,
            "evalue": "2.6e-647",
            "url": "http://neomorph.salk.edu/dap_web/pages/browse_table_aj.php?AGI=AT2G28810",
            "pwm": [
              [0.173359, 0.186665, 0.116676, 0.5233], 
              [0.175025, 0.214993, 0.101679, 0.508303], 
              [0.198355, 0.28998, 0.0833478, 0.428316], 
              [0.14503, 0.213326, 0.0583519, 0.58329], 
              [0.161695, 0.18833, 0.0650178, 0.584957], 
              [0.166694, 0.171667, 0.0650178, 0.596622], 
              [0.193355, 0.206661, 0.120009, 0.479975], 
              [0.188356, 0.183331, 0.100012, 0.5283], 
              [0.141698, 0.21166, 0.0716837, 0.574959], 
              [0.183357, 0.11001, 0.0966796, 0.609953], 
              [0.138365, 0.11001, 0.103344, 0.64828], 
              [0.0500463, 0.219992, 0.0316904, 0.698271], 
              [0.320001, 0.158335, 0.070017, 0.451646], 
              [0.44998, 0.183331, 0.213326, 0.153362], 
              [5.46575e-05, 0.999862, 2.8662e-05, 5.46575e-05], 
              [5.46575e-05, 2.8662e-05, 2.8662e-05, 0.999888], 
              [5.46575e-05, 2.8662e-05, 2.8662e-05, 0.999888], 
              [5.46575e-05, 2.8662e-05, 2.8662e-05, 0.999888], 
              [0.216686, 0.0250245, 2.8662e-05, 0.758261], 
              [0.0983713, 0.0750162, 0.11001, 0.716602], 
              [0.148363, 0.261652, 0.251654, 0.338331]
            ]
          }, {
            "db": 0,
            "id": "C2C2dof_tnt.AT2G28810_colamp_a_m1",
            "alt": "AT2G28810",
            "len": 15,
            "nsites": 600,
            "evalue": "1.1e-477",
            "url": "http://neomorph.salk.edu/dap_web/pages/browse_table_aj.php?AGI=AT2G28810",
            "pwm": [
              [0.136699, 0.133339, 0.201662, 0.5283], 
              [0.0950388, 0.206661, 0.0800153, 0.618285], 
              [0.193355, 0.256653, 0.0950128, 0.454979], 
              [0.461645, 0.228324, 0.183331, 0.126701], 
              [5.46575e-05, 0.999862, 2.8662e-05, 5.46575e-05], 
              [5.46575e-05, 0.0633511, 2.8662e-05, 0.936566], 
              [5.46575e-05, 2.8662e-05, 2.8662e-05, 0.999888], 
              [5.46575e-05, 2.8662e-05, 2.8662e-05, 0.999888], 
