<!DOCTYPE HTML>
<html>
  <head>
    <meta charset="UTF-8">
    <title>TOMTOM</title>
    <script>
      // @JSON_VAR data
      var data = {
        "program": "Tomtom",
        "version": "5.0.5",
        "release": "Mon Mar 18 20:12:19 2019 -0700",
        "cmd": [
          "tomtom", "-verbosity", "1", "-oc", "memechip_out/dreme_tomtom_out",
          "-min-overlap", "5", "-dist", "pearson", "-evalue", "-thresh", "1",
          "-no-ssc", "memechip_out/dreme_out/dreme.xml",
          "/Users/bethkrizek/ChIPSeq/motif_databasesforMEME/motif_databases/ARABD/ArabidopsisDAPv1.meme"
        ],
        "options": {
          "strands": "both",
          "distance_measure": "pearson",
          "threshold_type": "evalue",
          "threshold_value": 1,
          "background_source": "--query--"
        },
        "alphabet": {
          "name": "DNA",
          "like": "dna",
          "ncore": 4,
          "symbols": [
            {
              "symbol": "A",
              "name": "Adenine",
              "colour": "CC0000",
              "complement": "T"
            }, {
              "symbol": "C",
              "name": "Cytosine",
              "colour": "0000CC",
              "complement": "G"
            }, {
              "symbol": "G",
              "name": "Guanine",
              "colour": "FFB300",
              "complement": "C"
            }, {
              "symbol": "T",
              "aliases": "U",
              "name": "Thymine",
              "colour": "008000",
              "complement": "A"
            }, {
              "symbol": "N",
              "aliases": "X.",
              "name": "Any base",
              "equals": "ACGT"
            }, {
              "symbol": "V",
              "name": "Not T",
              "equals": "ACG"
            }, {
              "symbol": "H",
              "name": "Not G",
              "equals": "ACT"
            }, {
              "symbol": "D",
              "name": "Not C",
              "equals": "AGT"
            }, {
              "symbol": "B",
              "name": "Not A",
              "equals": "CGT"
            }, {
              "symbol": "M",
              "name": "Amino",
              "equals": "AC"
            }, {
              "symbol": "R",
              "name": "Purine",
              "equals": "AG"
            }, {
              "symbol": "W",
              "name": "Weak",
              "equals": "AT"
            }, {
              "symbol": "S",
              "name": "Strong",
              "equals": "CG"
            }, {
              "symbol": "Y",
              "name": "Pyrimidine",
              "equals": "CT"
            }, {
              "symbol": "K",
              "name": "Keto",
              "equals": "GT"
            }
          ]
        },
        "background": [0.307, 0.193, 0.193, 0.307],
        "query_dbs": [
          {
            "source": "memechip_out/dreme_out/dreme.xml",
            "name": "dreme.xml",
            "loaded": 5,
            "excluded": 0,
            "last_modified": "Mon Apr 27 10:36:58 2020"
          }
        ],
        "target_dbs": [
          {
            "source": "/Users/bethkrizek/ChIPSeq/motif_databasesforMEME/motif_databases/ARABD/ArabidopsisDAPv1.meme",
            "name": "ArabidopsisDAPv1",
            "loaded": 872,
            "excluded": 0,
            "last_modified": "Tue Aug 28 16:58:40 2018"
          }
        ],
        "queries": [
          {
            "db": 0,
            "id": "AGAGAVA",
            "alt": "DREME-1",
            "len": 7,
            "nsites": 161,
            "evalue": "3.8e-010",
            "pwm": [
              [0.99957, 0.000119802, 0.000119802, 0.000190565], 
              [0.000190565, 0.000119802, 0.999499, 0.000190565], 
              [0.99957, 0.000119802, 0.000119802, 0.000190565], 
              [0.000190565, 0.000119802, 0.999499, 0.000190565], 
              [0.99957, 0.000119802, 0.000119802, 0.000190565], 
              [0.347801, 0.204962, 0.447047, 0.000190565], 
              [0.99957, 0.000119802, 0.000119802, 0.000190565]
            ]
          }, {
            "db": 0,
            "id": "AYGTG",
            "alt": "DREME-5",
            "len": 5,
            "nsites": 295,
            "evalue": "2.7e-002",
            "pwm": [
              [0.999765, 6.54016e-05, 6.54016e-05, 0.000104032], 
              [0.000104032, 0.305047, 6.54016e-05, 0.694784], 
              [0.000104032, 6.54016e-05, 0.999727, 0.000104032], 
              [0.000104032, 6.54016e-05, 6.54016e-05, 0.999765], 
              [0.000104032, 6.54016e-05, 0.999727, 0.000104032]
            ]
          }, {
            "db": 0,
            "id": "CAAAAS",
            "alt": "DREME-4",
            "len": 6,
            "nsites": 158,
            "evalue": "5.3e-004",
            "pwm": [
              [0.000194181, 0.99949, 0.000122075, 0.000194181], 
              [0.999562, 0.000122075, 0.000122075, 0.000194181], 
              [0.999562, 0.000122075, 0.000122075, 0.000194181], 
              [0.999562, 0.000122075, 0.000122075, 0.000194181], 
              [0.999562, 0.000122075, 0.000122075, 0.000194181], 
              [0.000194181, 0.45553, 0.544082, 0.000194181]
            ]
          }, {
            "db": 0,
            "id": "CACGHG",
            "alt": "DREME-2",
            "len": 6,
            "nsites": 103,
            "evalue": "8.2e-010",
            "pwm": [
              [0.000297769, 0.999217, 0.000187197, 0.000297769], 
              [0.999328, 0.000187197, 0.000187197, 0.000297769], 
              [0.000297769, 0.999217, 0.000187197, 0.000297769], 
              [0.000297769, 0.000187197, 0.999217, 0.000297769], 
              [0.233082, 0.232971, 0.000187197, 0.533761], 
              [0.000297769, 0.000187197, 0.999217, 0.000297769]
            ]
          }, {
            "db": 0,
            "id": "CCMAW",
            "alt": "DREME-3",
            "len": 5,
            "nsites": 608,
            "evalue": "2.6e-005",
            "pwm": [
              [5.04851e-05, 0.999867, 3.17382e-05, 5.04851e-05], 
              [5.04851e-05, 0.999867, 3.17382e-05, 5.04851e-05], 
              [0.61837, 0.381548, 3.17382e-05, 5.04851e-05], 
              [0.999886, 3.17382e-05, 3.17382e-05, 5.04851e-05], 
              [0.560813, 3.17382e-05, 3.17382e-05, 0.439123]
            ]
          }
        ],
        "targets": [
          {
            "db": 0,
            "id": "BBRBPC_tnt.BPC1_col_a_m1",
            "alt": "BPC1",
            "len": 24,
            "nsites": 539,
            "evalue": "3.9e-3844",
            "url": "http://neomorph.salk.edu/dap_web/pages/browse_table_aj.php?AGI=BPC1",
            "pwm": [
              [0.152163, 0.0334246, 0.780967, 0.0334458], 
              [0.895995, 0.00745542, 0.0538288, 0.042721], 
              [0.0148962, 0.0278596, 0.895974, 0.0612696], 
              [0.929384, 3.58005e-05, 0.0334246, 0.0371561], 
              [0.124338, 0.0167307, 0.831051, 0.0278808], 
              [0.927529, 3.58005e-05, 0.0723784, 5.69467e-05], 
              [0.0798191, 0.0315699, 0.855165, 0.0334458], 
              [0.886719, 0.00560077, 0.0816537, 0.0260261], 
              [0.0723995, 3.58005e-05, 0.894119, 0.0334458], 
              [0.964628, 0.0111657, 0.00374611, 0.0204612], 
              [0.0501407, 0.00374611, 0.942347, 0.00376726], 
              [0.960918, 0.02044, 0.00560077, 0.0130415], 
              [0.115064, 0.0167307, 0.83476, 0.0334458], 
              [0.853331, 3.58005e-05, 0.103913, 0.042721], 
              [0.100224, 3.58005e-05, 0.85702, 0.042721], 
              [0.899704, 3.58005e-05, 0.100203, 5.69467e-05], 
              [0.0761098, 0.0185854, 0.866294, 0.0390107], 
              [0.942368, 3.58005e-05, 0.0167307, 0.0408654], 
              [0.131758, 0.00374611, 0.851455, 0.0130415], 
              [0.886719, 0.0222947, 0.0649588, 0.0260261], 
              [0.135468, 0.0352793, 0.816211, 0.0130415], 
              [0.834781, 0.0278596, 0.0723784, 0.0649799], 
              [0.0872398, 0.0371349, 0.792097, 0.0835295], 
              [0.808812, 0.0408442, 0.079798, 0.0705449]
            ]
          }, {
            "db": 0,
            "id": "BBRBPC_tnt.BPC1_colamp_a_m1",
            "alt": "BPC1",
            "len": 15,
            "nsites": 598,
            "evalue": "1.5e-2331",
            "url": "http://neomorph.salk.edu/dap_web/pages/browse_table_aj.php?AGI=BPC1",
            "pwm": [
              [0.128793, 0.665473, 0.0234394, 0.182295], 
              [0.0869938, 0.0886465, 0.0401596, 0.784201], 
              [0.0502099, 0.78251, 0.0418313, 0.125448], 
              [0.0334907, 0.073599, 3.22689e-05, 0.892879], 
              [0.0268029, 0.635378, 0.0200959, 0.317724], 
              [5.13292e-05, 0.0200959, 3.22689e-05, 0.97982], 
              [0.0150988, 0.956394, 0.00170399, 0.0268029], 
              [0.00506749, 0.00504843, 3.22689e-05, 0.989853], 
              [0.0167705, 0.963082, 0.00504843, 0.0150988], 
              [5.13292e-05, 3.22689e-05, 3.22689e-05, 0.999884], 
              [0.00339477, 0.874468, 0.00839187, 0.113744], 
              [0.00841093, 0.0100636, 3.22689e-05, 0.981492], 
              [0.00339477, 0.91961, 0.0167515, 0.0602423], 
              [0.00172305, 0.0769424, 0.00170399, 0.91963], 
              [0.157216, 0.563483, 0.0117363, 0.267566]
            ]
          }, {
            "db": 0,
            "id": "BBRBPC_tnt.BPC5_col_a_m1",
            "alt": "BPC5",
            "len": 30,
            "nsites": 102,
            "evalue": "1.0e-1327",
            "url": "http://neomorph.salk.edu/dap_web/pages/browse_table_aj.php?AGI=BPC5",
            "pwm": [
              [0.930761, 0.000189031, 0.0687488, 0.000300685], 
              [0.0296839, 0.000189031, 0.969826, 0.000300685], 
              [0.999321, 0.000189031, 0.000189031, 0.000300685], 
              [0.0198895, 0.000189031, 0.960032, 0.0198895], 
              [0.979732, 0.000189031, 0.000189031, 0.0198895], 
              [0.0100951, 0.000189031, 0.969826, 0.0198895], 
              [0.969938, 0.000189031, 0.000189031, 0.0296839], 
              [0.000300685, 0.00998343, 0.979621, 0.0100951], 
              [0.969938, 0.000189031, 0.0197778, 0.0100951], 
              [0.0100951, 0.00998343, 0.979621, 0.000300685], 
              [0.999321, 0.000189031, 0.000189031, 0.000300685], 
              [0.000300685, 0.000189031, 0.99921, 0.000300685], 
              [0.999321, 0.000189031, 0.000189031, 0.000300685], 
              [0.0394783, 0.000189031, 0.950238, 0.0100951], 
              [0.989527, 0.000189031, 0.00998343, 0.000300685], 
              [0.0198895, 0.000189031, 0.979621, 0.000300685], 
              [0.989527, 0.000189031, 0.00998343, 0.000300685], 
              [0.0100951, 0.00998343, 0.979621, 0.000300685], 
              [0.960144, 0.000189031, 0.00998343, 0.0296839], 
              [0.0100951, 0.00998343, 0.969826, 0.0100951], 
              [0.989527, 0.000189031, 0.00998343, 0.000300685], 
              [0.000300685, 0.00998343, 0.989415, 0.000300685], 
              [0.979732, 0.000189031, 0.000189031, 0.0198895], 
              [0.0100951, 0.00998343, 0.969826, 0.0100951], 
              [0.960144, 0.000189031, 0.0295722, 0.0100951], 
              [0.0100951, 0.00998343, 0.969826, 0.0100951], 
              [0.960144, 0.000189031, 0.000189031, 0.0394783], 
              [0.000300685, 0.0393666, 0.960032, 0.000300685], 
              [0.979732, 0.0197778, 0.000189031, 0.000300685], 
              [0.0492727, 0.0295722, 0.891472, 0.0296839]
            ]
          }, {
            "db": 0,
            "id": "BBRBPC_tnt.BPC5_colamp_a_m1",
            "alt": "BPC5",
            "len": 29,
            "nsites": 50,
            "evalue": "6.7e-260",
            "url": "http://neomorph.salk.edu/dap_web/pages/browse_table_aj.php?AGI=BPC5",
            "pwm": [
              [0.379854, 0.100186, 0.439507, 0.0804531], 
              [0.659295, 0.0602655, 0.279826, 0.000612774], 
              [0.280054, 0.100186, 0.539307, 0.0804531], 
              [0.599415, 0.120146, 0.239906, 0.0405329], 
              [0.280054, 0.140106, 0.499387, 0.0804531], 
              [0.559495, 0.140106, 0.160066, 0.140333], 
              [0.339934, 0.00038523, 0.519347, 0.140333], 
              [0.659295, 0.0602655, 0.239906, 0.0405329], 
              [0.180253, 0.0403054, 0.778828, 0.000612774], 
              [0.799016, 0.00038523, 0.00038523, 0.200214], 
              [0.0405329, 0.0403054, 0.818749, 0.100413], 
              [0.719176, 0.100186, 0.140106, 0.0405329], 
              [0.260094, 0.00038523, 0.718948, 0.0205729], 
              [0.739136, 0.0403054, 0.180026, 0.0405329], 
              [0.060493, 0.0203453, 0.838709, 0.0804531], 
              [0.818976, 0.00038523, 0.0602655, 0.120373], 
              [0.120373, 0.00038523, 0.878629, 0.000612774], 
              [0.938737, 0.00038523, 0.0602655, 0.000612774], 
              [0.180253, 0.00038523, 0.798788, 0.0205729], 
              [0.918776, 0.00038523, 0.0802255, 0.000612774], 
              [0.140333, 0.0203453, 0.838709, 0.000612774], 
              [0.978657, 0.00038523, 0.00038523, 0.0205729], 
              [0.0804531, 0.00038523, 0.898589, 0.0205729], 
              [0.858896, 0.0203453, 0.120146, 0.000612774], 
              [0.160293, 0.00038523, 0.798788, 0.0405329], 
              [0.958697, 0.00038523, 0.0403054, 0.000612774], 
              [0.060493, 0.00038523, 0.938509, 0.000612774], 
              [0.998617, 0.00038523, 0.00038523, 0.000612774], 
              [0.0804531, 0.0602655, 0.838709, 0.0205729]
            ]
          }, {
            "db": 0,
            "id": "BBRBPC_tnt.BPC6_col_a_m1",
            "alt": "BPC6",
            "len": 21,
            "nsites": 188,
            "evalue": "9.7e-1194",
            "url": "http://neomorph.salk.edu/dap_web/pages/browse_table_aj.php?AGI=BPC6",
            "pwm": [
              [0.127755, 0.71249, 0.0107349, 0.14902], 
              [0.0958573, 0.101113, 0.000102605, 0.802927], 
              [0.0692754, 0.85603, 0.0532653, 0.0214289], 
              [0.0799078, 0.0373168, 0.0266845, 0.856091], 
              [0.0639593, 0.75502, 0.0373168, 0.143704], 
              [0.0320612, 0.0107349, 0.0266845, 0.930519], 
              [0.000163211, 0.850714, 0.0160511, 0.133072], 
              [0.0107956, 0.0320006, 0.00541878, 0.951785], 
              [0.00547938, 0.941091, 0.0107349, 0.0426936], 
              [0.000163211, 0.00541878, 0.000102605, 0.994315], 
              [0.00547938, 0.893245, 0.000102605, 0.101173], 
              [0.0107956, 0.000102605, 0.000102605, 0.988999], 
              [0.0107956, 0.988939, 0.000102605, 0.000163211], 
              [0.000163211, 0.00541878, 0.000102605, 0.994315], 
              [0.0639593, 0.898561, 0.000102605, 0.0373774], 
              [0.0214289, 0.0160511, 0.000102605, 0.962417], 
              [0.0639593, 0.893245, 0.0266845, 0.0161117], 
              [0.0426936, 0.0320006, 0.000102605, 0.925203], 
              [0.0320612, 0.903877, 0.000102605, 0.0639593], 
              [0.0161117, 0.0107349, 0.0107349, 0.962417], 
              [0.265979, 0.65401, 0.00541878, 0.0745916]
            ]
          }, {
            "db": 0,
            "id": "BES1_tnt.BAM8_col_a_m1",
            "alt": "BAM8",
            "len": 15,
            "nsites": 600,
            "evalue": "6.9e-1560",
            "url": "http://neomorph.salk.edu/dap_web/pages/browse_table_aj.php?AGI=BAM8",
            "pwm": [
              [0.0567087, 0.343308, 0.00836377, 0.59162], 
              [0.0317129, 0.831561, 0.0700205, 0.066707], 
              [0.694935, 0.0616889, 0.231661, 0.0117162], 
              [5.11581e-05, 0.998199, 3.21614e-05, 0.00171788], 
              [0.998218, 3.21614e-05, 0.00169888, 5.11581e-05], 
              [0.0033836, 0.996533, 3.21614e-05, 5.11581e-05], 
              [5.11581e-05, 3.21614e-05, 0.999866, 5.11581e-05], 
              [5.11581e-05, 0.0166964, 3.21614e-05, 0.98322], 
              [0.0217145, 3.21614e-05, 0.97487, 0.0033836], 
              [0.0483761, 0.406631, 0.0200288, 0.524964], 
              [0.140028, 0.401632, 0.413296, 0.0450437], 
              [0.491636, 0.121679, 0.155006, 0.23168], 
              [0.448309, 0.165005, 0.204998, 0.181688], 
              [0.278338, 0.324978, 0.166671, 0.230013], 
              [0.161691, 0.216663, 0.185001, 0.436645]
            ]
          }, {
            "db": 0,
            "id": "BES1_tnt.BAM8_colamp_a_m1",
            "alt": "BAM8",
            "len": 15,
            "nsites": 590,
            "evalue": "3.0e-1431",
            "url": "http://neomorph.salk.edu/dap_web/pages/browse_table_aj.php?AGI=BAM8",
            "pwm": [
              [0.352534, 0.247449, 0.222029, 0.177988], 
              [0.255941, 0.223724, 0.281341, 0.238995], 
              [0.113592, 0.21864, 0.19322, 0.474548], 
              [0.213575, 0.147466, 0.122046, 0.516913], 
              [0.0746154, 0.454193, 0.294898, 0.176293], 
              [0.501662, 3.27064e-05, 0.489781, 0.00852559], 
              [5.2025e-05, 0.955803, 3.27064e-05, 0.0441126], 
              [0.999883, 3.27064e-05, 3.27064e-05, 5.2025e-05], 
              [5.2025e-05, 0.999863, 3.27064e-05, 5.2025e-05], 
              [5.2025e-05, 3.27064e-05, 0.999863, 5.2025e-05], 
              [5.2025e-05, 0.00342213, 3.27064e-05, 0.996493], 
              [5.2025e-05, 3.27064e-05, 0.999863, 5.2025e-05], 
              [0.0627534, 0.137297, 0.0745961, 0.725353], 
              [0.0322496, 0.272867, 0.6728, 0.0220823], 
              [0.537249, 0.0118947, 0.318623, 0.132233]
            ]
          }, {
            "db": 0,
            "id": "BZR_tnt.At1g78700_col_a_m1",
            "alt": "At1g78700",
            "len": 11,
            "nsites": 598,
            "evalue": "2.2e-1466",
            "url": "http://neomorph.salk.edu/dap_web/pages/browse_table_aj.php?AGI=At1g78700",
            "pwm": [
              [5.13292e-05, 0.541748, 0.00672015, 0.451481], 
              [0.262549, 0.00170399, 0.735695, 5.13292e-05], 
              [5.13292e-05, 0.999865, 3.22689e-05, 5.13292e-05], 
              [0.999884, 3.22689e-05, 3.22689e-05, 5.13292e-05], 
              [5.13292e-05, 0.999865, 3.22689e-05, 5.13292e-05], 
              [5.13292e-05, 3.22689e-05, 0.999865, 5.13292e-05], 
              [0.00339477, 3.22689e-05, 3.22689e-05, 0.996541], 
              [5.13292e-05, 3.22689e-05, 0.999865, 5.13292e-05], 
              [0.0217867, 0.220731, 0.10871, 0.648772], 
              [0.1522, 0.147165, 0.610298, 0.0903372], 
              [0.319396, 0.198996, 0.326065, 0.155543]
            ]
          }, {
            "db": 0,
            "id": "BZR_tnt.At1g78700_colamp_a_m1",
            "alt": "At1g78700",
            "len": 15,
            "nsites": 140,
            "evalue": "5.9e-274",
            "url": "http://neomorph.salk.edu/dap_web/pages/browse_table_aj.php?AGI=At1g78700",
            "pwm": [
              [0.15725, 0.328474, 0.27851, 0.235765], 
              [0.0501834, 0.549745, 0.0429642, 0.357107], 
              [0.342831, 0.0358263, 0.621123, 0.000219129], 
              [0.000219129, 0.999424, 0.000137759, 0.000219129], 
              [0.999505, 0.000137759, 0.000137759, 0.000219129], 
              [0.000219129, 0.999424, 0.000137759, 0.000219129], 
              [0.000219129, 0.000137759, 0.999424, 0.000219129], 
              [0.000219129, 0.000137759, 0.000137759, 0.999505], 
              [0.000219129, 0.000137759, 0.999424, 0.000219129], 
              [0.0930098, 0.185719, 0.0501021, 0.671169], 
              [0.0715971, 0.164306, 0.642536, 0.121561], 
              [0.264316, 0.199995, 0.235684, 0.300005], 
              [0.428484, 0.171444, 0.207133, 0.192938], 
              [0.121561, 0.192857, 0.214271, 0.471312], 
              [0.150112, 0.192857, 0.199995, 0.457036]
            ]
          }, {
            "db": 0,
            "id": "BZR_tnt.At4g18890_col_a_m1",
            "alt": "At4g18890",
            "len": 11,
            "nsites": 590,
            "evalue": "1.3e-1334",
            "url": "http://neomorph.salk.edu/dap_web/pages/browse_table_aj.php?AGI=At4g18890",
            "pwm": [
              [0.00513616, 0.540619, 0.0729014, 0.381343], 
              [0.303391, 0.0474827, 0.649076, 5.2025e-05], 
              [5.2025e-05, 0.998169, 3.27064e-05, 0.00174674], 
              [0.999883, 3.27064e-05, 3.27064e-05, 5.2025e-05], 
              [5.2025e-05, 0.999863, 3.27064e-05, 5.2025e-05], 
              [0.00174674, 3.27064e-05, 0.998169, 5.2025e-05], 
              [0.00174674, 3.27064e-05, 3.27064e-05, 0.998188], 
              [5.2025e-05, 3.27064e-05, 0.999863, 5.2025e-05], 
              [0.0864784, 0.125435, 0.10171, 0.686377], 
              [0.10173, 0.23728, 0.572817, 0.0881731], 
              [0.405068, 0.154244, 0.303371, 0.137317]
            ]
          }, {
            "db": 0,
            "id": "BZR_tnt.At4g18890_colamp_a_m1",
            "alt": "At4g18890",
            "len": 11,
            "nsites": 304,
            "evalue": "2.3e-688",
            "url": "http://neomorph.salk.edu/dap_web/pages/browse_table_aj.php?AGI=At4g18890",
            "pwm": [
              [0.0198315, 0.513053, 0.0855613, 0.381554], 
              [0.273037, 0.00335138, 0.723509, 0.000100954], 
              [0.000100954, 0.996447, 6.34661e-05, 0.00338887], 
              [0.999772, 6.34661e-05, 6.34661e-05, 0.000100954], 
              [0.000100954, 0.999735, 6.34661e-05, 0.000100954], 
              [0.000100954, 6.34661e-05, 0.999735, 0.000100954], 
              [0.000100954, 6.34661e-05, 6.34661e-05, 0.999772], 
              [0.000100954, 6.34661e-05, 0.999735, 0.000100954], 
              [0.039562, 0.180925, 0.115158, 0.664356], 
              [0.118483, 0.144753, 0.667607, 0.0691572], 
              [0.414439, 0.134887, 0.328902, 0.121772]
            ]
          }, {
            "db": 0,
            "id": "BZR_tnt.At4g36780_col_a_m1",
            "alt": "At4g36780",
            "len": 11,
            "nsites": 599,
            "evalue": "2.9e-1569",
            "url": "http://neomorph.salk.edu/dap_web/pages/browse_table_aj.php?AGI=At4g36780",
            "pwm": [
              [0.138592, 0.30716, 0.171957, 0.382291], 
              [0.0601412, 0.691069, 0.110198, 0.138592], 
              [0.677734, 0.120212, 0.176965, 0.0250891], 
              [5.12435e-05, 0.999865, 3.2215e-05, 5.12435e-05], 
              [0.998216, 3.2215e-05, 3.2215e-05, 0.00171996], 
              [5.12435e-05, 0.999865, 3.2215e-05, 5.12435e-05], 
              [5.12435e-05, 3.2215e-05, 0.999865, 5.12435e-05], 
              [5.12435e-05, 3.2215e-05, 3.2215e-05, 0.999884], 
              [5.12435e-05, 3.2215e-05, 0.999865, 5.12435e-05], 
              [5.12435e-05, 0.679385, 0.00170094, 0.318863], 
              [0.390637, 3.2215e-05, 0.60928, 5.12435e-05]
            ]
          }, {
            "db": 0,
            "id": "BZR_tnt.At4g36780_colamp_a_m1",
            "alt": "At4g36780",
            "len": 14,
            "nsites": 236,
            "evalue": "1.4e-558",
            "url": "http://neomorph.salk.edu/dap_web/pages/browse_table_aj.php?AGI=At4g36780",
            "pwm": [
              [0.228847, 0.211856, 0.110204, 0.449093], 
              [0.0424851, 0.686232, 0.110204, 0.161079], 
              [0.512625, 0.0509072, 0.41516, 0.0213071], 
              [0.00013003, 0.982716, 8.17452e-05, 0.0170719], 
              [0.999706, 8.17452e-05, 8.17452e-05, 0.00013003], 
              [0.00013003, 0.999658, 8.17452e-05, 0.00013003], 
              [0.00013003, 8.17452e-05, 0.999658, 0.00013003], 
              [0.00013003, 8.17452e-05, 8.17452e-05, 0.999706], 
              [0.00013003, 0.00855316, 0.986952, 0.00436523], 
              [0.00013003, 0.444808, 8.17452e-05, 0.55498], 
              [0.283908, 8.17452e-05, 0.703174, 0.0128366], 
              [0.152607, 0.41516, 0.317744, 0.114489], 
              [0.38556, 0.245741, 0.194914, 0.173785], 
              [0.0975468, 0.165266, 0.165266, 0.571922]
            ]
          }, {
            "db": 0,
            "id": "BZR_tnt.BZR1_col_a_m1",
            "alt": "BZR1",
            "len": 20,
            "nsites": 588,
            "evalue": "5.4e-1477",
            "url": "http://neomorph.salk.edu/dap_web/pages/browse_table_aj.php?AGI=BZR1",
            "pwm": [
              [0.16159, 0.442135, 0.222784, 0.173492], 
              [0.00685405, 0.882536, 0.00683466, 0.103776], 
              [0.59689, 0.057846, 0.345212, 5.22019e-05], 
              [5.22019e-05, 0.977758, 3.28176e-05, 0.0221574], 
              [0.974377, 0.00173353, 0.00683466, 0.0170563], 
              [5.22019e-05, 0.999863, 3.28176e-05, 5.22019e-05], 
              [5.22019e-05, 3.28176e-05, 0.999863, 5.22019e-05], 
              [0.00855376, 3.28176e-05, 3.28176e-05, 0.991381], 
              [5.22019e-05, 3.28176e-05, 0.999863, 5.22019e-05], 
              [0.018756, 0.471041, 0.0663485, 0.443855], 
              [0.362236, 0.0799512, 0.476142, 0.0816713], 
              [0.33673, 0.251691, 0.154769, 0.256812], 
              [0.280616, 0.287399, 0.193878, 0.238107], 
              [0.180294, 0.258492, 0.132663, 0.42855], 
              [0.188796, 0.290799, 0.226184, 0.29422], 
              [0.282317, 0.244889, 0.124162, 0.348632], 
              [0.239807, 0.268694, 0.166671, 0.324827], 
              [0.255111, 0.222784, 0.20578, 0.316325], 
              [0.278917, 0.258492, 0.144566, 0.318025], 
              [0.163289, 0.231286, 0.214282, 0.391142]
            ]
          }, {
            "db": 0,
            "id": "MADS_tnt.SVP_col_v3b_m1",
            "alt": "SVP",
            "len": 15,
            "nsites": 595,
            "evalue": "8.7e-1338",
            "url": "http://neomorph.salk.edu/dap_web/pages/browse_table_aj.php?AGI=SVP",
            "pwm": [
              [0.46384, 0.100855, 0.0840523, 0.351254], 
              [0.191616, 0.384842, 0.152948, 0.270594], 
              [0.045422, 0.0336398, 0.00843402, 0.912503], 
              [0.0370204, 3.24316e-05, 0.0319601, 0.930987], 
              [0.233625, 0.00171315, 0.126061, 0.638599], 
              [5.15879e-05, 0.999864, 3.24316e-05, 5.15879e-05], 
              [5.15879e-05, 0.927608, 3.24316e-05, 0.0723084], 
              [0.236987, 0.238647, 0.16135, 0.363016], 
              [0.0907923, 0.0538054, 0.085732, 0.76967], 
              [0.270594, 3.24316e-05, 3.24316e-05, 0.729341], 
              [0.0538246, 0.00339287, 3.24316e-05, 0.94275], 
              [0.11936, 0.0974951, 0.0168366, 0.76631], 
              [0.117679, 0.126061, 0.366358, 0.389902], 
              [0.08071, 3.24316e-05, 0.919206, 5.15879e-05], 
              [0.00845318, 3.24316e-05, 0.939371, 0.0521438]
            ]
          }, {
            "db": 0,
            "id": "NAC_tnt.ANAC047_colamp_a_d1",
            "alt": "ANAC047",
            "len": 5,
            "nsites": 624,
            "evalue": "2.0e-058",
            "url": "http://neomorph.salk.edu/dap_web/pages/browse_table_aj.php?AGI=ANAC047",
            "pwm": [
              [4.91908e-05, 0.999871, 3.09246e-05, 4.91908e-05], 
              [0.999889, 3.09246e-05, 3.09246e-05, 4.91908e-05], 
              [4.91908e-05, 0.999871, 3.09246e-05, 4.91908e-05], 
              [4.91908e-05, 3.09246e-05, 0.999871, 4.91908e-05], 
              [4.91908e-05, 0.224354, 0.216342, 0.559255]
            ]
          }, {
            "db": 0,
            "id": "ND_tnt.FRS9_col_a_m1",
            "alt": "FRS9",
            "len": 21,
            "nsites": 575,
            "evalue": "4.0e-3084",
            "url": "http://neomorph.salk.edu/dap_web/pages/browse_table_aj.php?AGI=FRS9",
            "pwm": [
              [0.120033, 0.699042, 0.0174215, 0.163503], 
              [0.0696063, 0.125229, 0.0139441, 0.79122], 
              [0.0904727, 0.749468, 0.0174215, 0.142638], 
              [0.128727, 0.083497, 3.35594e-05, 0.787742], 
              [0.0400464, 0.787723, 0.0730639, 0.0991661], 
              [0.0435238, 0.0800196, 0.0191602, 0.857295], 
              [0.0278745, 0.740775, 0.0122054, 0.219145], 
              [0.0487409, 0.060893, 0.00177226, 0.888595], 
              [0.0278745, 0.923351, 3.35594e-05, 0.0487409], 
              [0.00526947, 0.0243773, 3.35594e-05, 0.97032], 
              [0.0278745, 0.907702, 3.35594e-05, 0.0643902], 
              [0.00700917, 0.00177226, 3.35594e-05, 0.991185], 
              [0.00353078, 0.916396, 3.35594e-05, 0.0800395], 
              [0.00353078, 0.0122054, 3.35594e-05, 0.98423], 
              [5.3382e-05, 0.985949, 0.0139441, 5.3382e-05], 
              [0.0313519, 0.083497, 3.35594e-05, 0.885116], 
              [0.0661289, 0.683393, 0.0365492, 0.213929], 
              [0.0296132, 0.203476, 0.0226386, 0.744272], 
              [0.0904727, 0.758163, 0.0226386, 0.128727], 
              [0.0591731, 0.120013, 0.0313321, 0.789481], 
              [0.0730837, 0.70252, 0.0174215, 0.206974]
            ]
          }, {
            "db": 0,
            "id": "Trihelix_tnt.GT3a_col_a_m1",
            "alt": "GT3a",
            "len": 17,
            "nsites": 371,
            "evalue": "1.7e-530",
            "url": "http://neomorph.salk.edu/dap_web/pages/browse_table_aj.php?AGI=GT3a",
            "pwm": [
              [0.390813, 0.19407, 0.258742, 0.156375], 
              [0.41776, 0.185986, 0.264132, 0.132122], 
              [0.0297247, 0.970141, 5.20076e-05, 8.27269e-05], 
              [0.999813, 5.20076e-05, 5.20076e-05, 8.27269e-05], 
              [8.27269e-05, 0.883911, 5.20076e-05, 0.115954], 
              [8.27269e-05, 5.20076e-05, 0.999783, 8.27269e-05], 
              [8.27269e-05, 5.20076e-05, 5.20076e-05, 0.999813], 
              [8.27269e-05, 5.20076e-05, 0.873132, 0.126734], 
              [0.145597, 0.10784, 0.204849, 0.541716], 
              [0.28572, 0.221016, 0.15365, 0.339614], 
              [0.493211, 0.0404721, 0.10784, 0.358477], 
              [0.5498, 0.177902, 0.0377778, 0.234521], 
              [0.698008, 0.0108311, 5.20076e-05, 0.291109], 
              [0.288415, 0.172513, 0.0108311, 0.528242], 
              [0.350392, 0.00813583, 0.280299, 0.361171], 
              [0.215658, 0.11323, 0.0970609, 0.574052], 
              [0.2453, 0.11323, 0.377308, 0.264163]
            ]
          }, {
            "db": 0,
            "id": "bHLH_tnt.BIM1_col_a_m1",
            "alt": "BIM1",
            "len": 14,
            "nsites": 566,
            "evalue": "1.9e-1141",
            "url": "http://neomorph.salk.edu/dap_web/pages/browse_table_aj.php?AGI=BIM1",
            "pwm": [
              [5.42306e-05, 0.999857, 3.4093e-05, 5.42306e-05], 
              [0.999878, 3.4093e-05, 3.4093e-05, 5.42306e-05], 
              [5.42306e-05, 0.999857, 3.4093e-05, 5.42306e-05], 
              [0.00535329, 3.4093e-05, 0.994558, 5.42306e-05], 
              [5.42306e-05, 3.4093e-05, 3.4093e-05, 0.999878], 
              [5.42306e-05, 3.4093e-05, 0.999857, 5.42306e-05], 
              [0.720775, 0.213777, 0.0159323, 0.0495155], 
              [0.00535329, 0.655395, 0.118388, 0.220863], 
              [0.319786, 0.229676, 0.136052, 0.314487], 
              [0.231462, 0.289736, 0.102489, 0.376313], 
              [0.210264, 0.305634, 0.194346, 0.289756], 
              [0.15727, 0.468149, 0.125454, 0.249127], 
              [0.424007, 0.266771, 0.155484, 0.153737], 
              [0.212031, 0.439885, 0.109556, 0.238528]
            ]
          }, {
            "db": 0,
            "id": "bHLH_tnt.BIM1_colamp_a_m1",
            "alt": "BIM1",
            "len": 22,
            "nsites": 562,
            "evalue": "1.9e-1314",
            "url": "http://neomorph.salk.edu/dap_web/pages/browse_table_aj.php?AGI=BIM1",
            "pwm": [
              [0.279364, 0.23131, 0.128126, 0.3612], 
              [0.341631, 0.2491, 0.362959, 0.0463094], 
              [0.0961225, 0.0800911, 0.179717, 0.644068], 
              [5.46166e-05, 0.999856, 3.43356e-05, 5.46166e-05], 
              [0.999877, 3.43356e-05, 3.43356e-05, 5.46166e-05], 
              [5.46166e-05, 0.999856, 3.43356e-05, 5.46166e-05], 
              [5.46166e-05, 3.43356e-05, 0.999856, 5.46166e-05], 
              [5.46166e-05, 3.43356e-05, 3.43356e-05, 0.999877], 
              [5.46166e-05, 3.43356e-05, 0.999856, 5.46166e-05], 
              [0.683207, 0.227752, 0.0160455, 0.0729956], 
              [0.0623215, 0.56577, 0.122788, 0.24912], 
              [0.275807, 0.288239, 0.0978819, 0.338072], 
              [0.254457, 0.279344, 0.121009, 0.345189], 
              [0.23133, 0.263332, 0.145915, 0.359422], 
              [0.135262, 0.494608, 0.103219, 0.266911], 
              [0.451931, 0.220636, 0.135241, 0.192191], 
              [0.17618, 0.475039, 0.0836495, 0.265132], 
              [0.227772, 0.238426, 0.368296, 0.165505], 
              [0.199307, 0.213519, 0.0907652, 0.496407], 
              [0.190412, 0.211741, 0.350506, 0.247342], 
              [0.23133, 0.288239, 0.204624, 0.275807], 
              [0.225993, 0.281123, 0.17438, 0.318503]
            ]
          }, {
            "db": 0,
            "id": "bHLH_tnt.BIM2_col_v3b_m1",
            "alt": "BIM2",
            "len": 15,
            "nsites": 600,
            "evalue": "1.2e-1266",
            "url": "http://neomorph.salk.edu/dap_web/pages/browse_table_aj.php?AGI=BIM2",
            "pwm": [
              [5.11581e-05, 0.999866, 3.21614e-05, 5.11581e-05], 
              [0.998218, 3.21614e-05, 0.00169888, 5.11581e-05], 
              [5.11581e-05, 0.9932, 3.21614e-05, 0.00671705], 
              [0.00505032, 3.21614e-05, 0.994866, 5.11581e-05], 
              [0.00171788, 3.21614e-05, 3.21614e-05, 0.998218], 
              [5.11581e-05, 3.21614e-05, 0.999866, 5.11581e-05], 
              [0.499968, 0.331644, 0.0616889, 0.1067], 
              [0.0917029, 0.479952, 0.218329, 0.210016], 
              [0.328329, 0.195, 0.143341, 0.333329], 
              [0.223347, 0.276653, 0.145008, 0.354992], 
              [0.23168, 0.188334, 0.286651, 0.293335], 
              [0.110033, 0.658255, 0.0883504, 0.14336], 
              [0.553292, 0.143341, 0.209997, 0.0933686], 
              [0.0983678, 0.621596, 0.0716872, 0.208349], 
              [0.225014, 0.183335, 0.51328, 0.0783711]
            ]
          }, {
            "db": 0,
            "id": "bHLH_tnt.BIM2_colamp_m1",
            "alt": "BIM2",
            "len": 19,
            "nsites": 585,
            "evalue": "3.4e-863",
            "url": "http://neomorph.salk.edu/dap_web/pages/browse_table_aj.php?AGI=BIM2",
            "pwm": [
              [0.280347, 0.15898, 0.323055, 0.237619], 
              [0.210273, 0.312801, 0.285454, 0.191473], 
              [0.287182, 0.336727, 0.16069, 0.215401], 
              [0.36922, 0.189745, 0.252981, 0.188054], 
              [0.136781, 0.423893, 0.276909, 0.162418], 
              [0.227364, 0.128216, 0.488838, 0.155582], 
              [0.138491, 0.237599, 0.211963, 0.411948], 
              [0.211982, 0.157271, 0.48542, 0.145327], 
              [0.285474, 0.249563, 0.193162, 0.271801], 
              [0.324783, 0.148726, 0.302545, 0.223946], 
              [0.256419, 0.188035, 0.21709, 0.338457], 
              [0.232492, 0.164108, 0.497384, 0.106017], 
              [0.1966, 0.119671, 0.372619, 0.31111], 
              [5.24696e-05, 0.998153, 3.29859e-05, 0.00176118], 
              [0.993045, 3.29859e-05, 0.00686982, 5.24696e-05], 
              [5.24696e-05, 0.996444, 3.29859e-05, 0.00347089], 
              [0.0393618, 3.29859e-05, 0.960553, 5.24696e-05], 
              [5.24696e-05, 0.0119969, 0.0102872, 0.977663], 
              [0.00176118, 3.29859e-05, 0.998153, 5.24696e-05]
            ]
          }, {
            "db": 0,
            "id": "bHLH_tnt.BIM3_col_a_m1",
            "alt": "BIM3",
            "len": 18,
            "nsites": 137,
            "evalue": "4.3e-332",
            "url": "http://neomorph.salk.edu/dap_web/pages/browse_table_aj.php?AGI=BIM3",
            "pwm": [
              [0.561858, 0.116844, 0.189783, 0.131515], 
              [0.087751, 0.649302, 0.0803742, 0.182573], 
              [0.109633, 0.116844, 0.671184, 0.102339], 
              [0.131515, 0.116844, 0.0511985, 0.700443], 
              [0.0512817, 0.204372, 0.620126, 0.124221], 
              [0.372215, 0.342957, 0.124138, 0.160691], 
              [0.321158, 0.160608, 0.233547, 0.284688], 
              [0.2701, 0.204372, 0.175195, 0.350333], 
              [0.204455, 0.35025, 0.430484, 0.0148123], 
              [0.065869, 0.116844, 0.233547, 0.58374], 
              [0.000223924, 0.999411, 0.000140773, 0.000223924], 
              [0.999495, 0.000140773, 0.000140773, 0.000223924], 
              [0.000223924, 0.999411, 0.000140773, 0.000223924], 
              [0.000223924, 0.000140773, 0.999411, 0.000223924], 
              [0.000223924, 0.000140773, 0.000140773, 0.999495], 
              [0.000223924, 0.000140773, 0.999411, 0.000223924], 
              [0.561858, 0.262723, 0.0803742, 0.0950457], 
              [0.0293996, 0.583657, 0.146019, 0.240924]
            ]
          }, {
            "db": 0,
            "id": "bHLH_tnt.PIF7_col_a_m1",
            "alt": "PIF7",
            "len": 15,
            "nsites": 112,
            "evalue": "2.4e-194",
            "url": "http://neomorph.salk.edu/dap_web/pages/browse_table_aj.php?AGI=PIF7",
            "pwm": [
              [0.0984002, 0.294552, 0.481885, 0.125162], 
              [0.250051, 0.178584, 0.196426, 0.374939], 
              [0.169766, 0.0804575, 0.455123, 0.294654], 
              [0.410621, 0.0715374, 0.348076, 0.169766], 
              [0.374939, 0.125061, 0.285631, 0.214369], 
              [0.250051, 0.0715374, 0.196426, 0.481987], 
              [0.035956, 0.25887, 0.588932, 0.116241], 
              [0.035956, 0.758424, 0.0358543, 0.169766], 
              [0.000273862, 0.99928, 0.000172168, 0.000273862], 
              [0.999382, 0.000172168, 0.000172168, 0.000273862], 
              [0.000273862, 0.945757, 0.000172168, 0.0537971], 
              [0.000273862, 0.000172168, 0.99928, 0.000273862], 
              [0.000273862, 0.000172168, 0.000172168, 0.999382], 
              [0.000273862, 0.000172168, 0.981439, 0.0181149], 
              [0.044877, 0.214267, 0.580011, 0.160844]
            ]
          }, {
            "db": 0,
            "id": "bHLH_tnt.bHLH104_col_b_m1",
            "alt": "bHLH104",
            "len": 20,
            "nsites": 50,
            "evalue": "4.9e-050",
            "url": "http://neomorph.salk.edu/dap_web/pages/browse_table_aj.php?AGI=bHLH104",
            "pwm": [
              [0.200214, 0.00038523, 0.738908, 0.060493], 
              [0.359894, 0.259866, 0.279826, 0.100413], 
              [0.000612774, 0.998389, 0.00038523, 0.000612774], 
              [0.938737, 0.00038523, 0.0602655, 0.000612774], 
              [0.0205729, 0.978429, 0.00038523, 0.000612774], 
              [0.000612774, 0.00038523, 0.998389, 0.000612774], 
              [0.100413, 0.0203453, 0.00038523, 0.878856], 
              [0.000612774, 0.0203453, 0.978429, 0.000612774], 
              [0.0804531, 0.279826, 0.319747, 0.319974], 
              [0.200214, 0.579228, 0.100186, 0.120373], 
              [0.379854, 0.120146, 0.219946, 0.280054], 
              [0.300014, 0.0602655, 0.399587, 0.240134], 
              [0.0205729, 0.519347, 0.219946, 0.240134], 
              [0.280054, 0.439507, 0.100186, 0.180253], 
              [0.280054, 0.299786, 0.160066, 0.260094], 
              [0.100413, 0.499387, 0.359667, 0.0405329], 
              [0.160293, 0.120146, 0.399587, 0.319974], 
              [0.180253, 0.160066, 0.499387, 0.160293], 
              [0.100413, 0.299786, 0.439507, 0.160293], 
