<!DOCTYPE HTML>
<html>
  <head>
    <meta charset="UTF-8">
    <title>TOMTOM</title>
    <script>
      // @JSON_VAR data
      var data = {
        "program": "Tomtom",
        "version": "5.0.5",
        "release": "Mon Mar 18 20:12:19 2019 -0700",
        "cmd": [
          "tomtom", "-verbosity", "1", "-oc", "memechip_out/dreme_tomtom_out",
          "-min-overlap", "5", "-dist", "pearson", "-evalue", "-thresh", "1",
          "-no-ssc", "memechip_out/dreme_out/dreme.xml",
          "/Users/bethkrizek/ChIPSeq/motif_databasesforMEME/motif_databases/ARABD/ArabidopsisDAPv1.meme"
        ],
        "options": {
          "strands": "both",
          "distance_measure": "pearson",
          "threshold_type": "evalue",
          "threshold_value": 1,
          "background_source": "--query--"
        },
        "alphabet": {
          "name": "DNA",
          "like": "dna",
          "ncore": 4,
          "symbols": [
            {
              "symbol": "A",
              "name": "Adenine",
              "colour": "CC0000",
              "complement": "T"
            }, {
              "symbol": "C",
              "name": "Cytosine",
              "colour": "0000CC",
              "complement": "G"
            }, {
              "symbol": "G",
              "name": "Guanine",
              "colour": "FFB300",
              "complement": "C"
            }, {
              "symbol": "T",
              "aliases": "U",
              "name": "Thymine",
              "colour": "008000",
              "complement": "A"
            }, {
              "symbol": "N",
              "aliases": "X.",
              "name": "Any base",
              "equals": "ACGT"
            }, {
              "symbol": "V",
              "name": "Not T",
              "equals": "ACG"
            }, {
              "symbol": "H",
              "name": "Not G",
              "equals": "ACT"
            }, {
              "symbol": "D",
              "name": "Not C",
              "equals": "AGT"
            }, {
              "symbol": "B",
              "name": "Not A",
              "equals": "CGT"
            }, {
              "symbol": "M",
              "name": "Amino",
              "equals": "AC"
            }, {
              "symbol": "R",
              "name": "Purine",
              "equals": "AG"
            }, {
              "symbol": "W",
              "name": "Weak",
              "equals": "AT"
            }, {
              "symbol": "S",
              "name": "Strong",
              "equals": "CG"
            }, {
              "symbol": "Y",
              "name": "Pyrimidine",
              "equals": "CT"
            }, {
              "symbol": "K",
              "name": "Keto",
              "equals": "GT"
            }
          ]
        },
        "background": [0.316, 0.184, 0.184, 0.316],
        "query_dbs": [
          {
            "source": "memechip_out/dreme_out/dreme.xml",
            "name": "dreme.xml",
            "loaded": 13,
            "excluded": 0,
            "last_modified": "Mon Apr 27 12:22:34 2020"
          }
        ],
        "target_dbs": [
          {
            "source": "/Users/bethkrizek/ChIPSeq/motif_databasesforMEME/motif_databases/ARABD/ArabidopsisDAPv1.meme",
            "name": "ArabidopsisDAPv1",
            "loaded": 872,
            "excluded": 0,
            "last_modified": "Tue Aug 28 16:58:40 2018"
          }
        ],
        "queries": [
          {
            "db": 0,
            "id": "AAARAGR",
            "alt": "DREME-3",
            "len": 7,
            "nsites": 791,
            "evalue": "1.9e-016",
            "pwm": [
              [0.999914, 2.32588e-05, 2.32588e-05, 3.99443e-05], 
              [0.999914, 2.32588e-05, 2.32588e-05, 3.99443e-05], 
              [0.999914, 2.32588e-05, 2.32588e-05, 3.99443e-05], 
              [0.669993, 2.32588e-05, 0.329944, 3.99443e-05], 
              [0.999914, 2.32588e-05, 2.32588e-05, 3.99443e-05], 
              [3.99443e-05, 2.32588e-05, 0.999897, 3.99443e-05], 
              [0.672521, 2.32588e-05, 0.327416, 3.99443e-05]
            ]
          }, {
            "db": 0,
            "id": "ACTACTAS",
            "alt": "DREME-11",
            "len": 8,
            "nsites": 35,
            "evalue": "5.9e-003",
            "pwm": [
              [0.998051, 0.000524217, 0.000524217, 0.000900284], 
              [0.000900284, 0.997675, 0.000524217, 0.000900284], 
              [0.000900284, 0.000524217, 0.000524217, 0.998051], 
              [0.998051, 0.000524217, 0.000524217, 0.000900284], 
              [0.000900284, 0.997675, 0.000524217, 0.000900284], 
              [0.000900284, 0.000524217, 0.000524217, 0.998051], 
              [0.998051, 0.000524217, 0.000524217, 0.000900284], 
              [0.000900284, 0.627304, 0.370895, 0.000900284]
            ]
          }, {
            "db": 0,
            "id": "AGAAGARG",
            "alt": "DREME-13",
            "len": 8,
            "nsites": 82,
            "evalue": "9.7e-003",
            "pwm": [
              [0.999167, 0.000224117, 0.000224117, 0.000384896], 
              [0.000384896, 0.000224117, 0.999006, 0.000384896], 
              [0.999167, 0.000224117, 0.000224117, 0.000384896], 
              [0.999167, 0.000224117, 0.000224117, 0.000384896], 
              [0.000384896, 0.000224117, 0.999006, 0.000384896], 
              [0.999167, 0.000224117, 0.000224117, 0.000384896], 
              [0.6703, 0.000224117, 0.329091, 0.000384896], 
              [0.000384896, 0.000224117, 0.999006, 0.000384896]
            ]
          }, {
            "db": 0,
            "id": "AGAGAGM",
            "alt": "DREME-1",
            "len": 7,
            "nsites": 437,
            "evalue": "1.2e-029",
            "pwm": [
              [0.999844, 4.20957e-05, 4.20957e-05, 7.22946e-05], 
              [7.22946e-05, 4.20957e-05, 0.999813, 7.22946e-05], 
              [0.999844, 4.20957e-05, 4.20957e-05, 7.22946e-05], 
              [7.22946e-05, 4.20957e-05, 0.999813, 7.22946e-05], 
              [0.999844, 4.20957e-05, 4.20957e-05, 7.22946e-05], 
              [7.22946e-05, 4.20957e-05, 0.999813, 7.22946e-05], 
              [0.832834, 0.167052, 4.20957e-05, 7.22946e-05]
            ]
          }, {
            "db": 0,
            "id": "ASMAAA",
            "alt": "DREME-6",
            "len": 6,
            "nsites": 1843,
            "evalue": "4.7e-009",
            "pwm": [
              [0.999963, 9.98319e-06, 9.98319e-06, 1.7145e-05], 
              [1.7145e-05, 0.547457, 0.452508, 1.7145e-05], 
              [0.674425, 0.325548, 9.98319e-06, 1.7145e-05], 
              [0.999963, 9.98319e-06, 9.98319e-06, 1.7145e-05], 
              [0.999963, 9.98319e-06, 9.98319e-06, 1.7145e-05], 
              [0.999963, 9.98319e-06, 9.98319e-06, 1.7145e-05]
            ]
          }, {
            "db": 0,
            "id": "CACRTS",
            "alt": "DREME-2",
            "len": 6,
            "nsites": 686,
            "evalue": "8.1e-022",
            "pwm": [
              [4.60574e-05, 0.999881, 2.68183e-05, 4.60574e-05], 
              [0.9999, 2.68183e-05, 2.68183e-05, 4.60574e-05], 
              [4.60574e-05, 0.999881, 2.68183e-05, 4.60574e-05], 
              [0.558274, 2.68183e-05, 0.441653, 4.60574e-05], 
              [4.60574e-05, 2.68183e-05, 2.68183e-05, 0.9999], 
              [4.60574e-05, 0.444568, 0.55534, 4.60574e-05]
            ]
          }, {
            "db": 0,
            "id": "CCACTTBC",
            "alt": "DREME-12",
            "len": 8,
            "nsites": 29,
            "evalue": "8.3e-003",
            "pwm": [
              [0.00108591, 0.997196, 0.000632303, 0.00108591], 
              [0.00108591, 0.997196, 0.000632303, 0.00108591], 
              [0.997649, 0.000632303, 0.000632303, 0.00108591], 
              [0.00108591, 0.997196, 0.000632303, 0.00108591], 
              [0.00108591, 0.000632303, 0.000632303, 0.997649], 
              [0.00108591, 0.000632303, 0.000632303, 0.997649], 
              [0.00108591, 0.275546, 0.241182, 0.482186], 
              [0.00108591, 0.997196, 0.000632303, 0.00108591]
            ]
          }, {
            "db": 0,
            "id": "CCCAH",
            "alt": "DREME-5",
            "len": 5,
            "nsites": 1331,
            "evalue": "7.4e-010",
            "pwm": [
              [2.37397e-05, 0.999939, 1.38232e-05, 2.37397e-05], 
              [2.37397e-05, 0.999939, 1.38232e-05, 2.37397e-05], 
              [2.37397e-05, 0.999939, 1.38232e-05, 2.37397e-05], 
              [0.999949, 1.38232e-05, 1.38232e-05, 2.37397e-05], 
              [0.438008, 0.242671, 1.38232e-05, 0.319309]
            ]
          }, {
            "db": 0,
            "id": "CCRTTGGA",
            "alt": "DREME-9",
            "len": 8,
            "nsites": 33,
            "evalue": "1.4e-004",
            "pwm": [
              [0.000954682, 0.997535, 0.000555892, 0.000954682], 
              [0.000954682, 0.997535, 0.000555892, 0.000954682], 
              [0.363492, 0.000555892, 0.634997, 0.000954682], 
              [0.000954682, 0.000555892, 0.000555892, 0.997934], 
              [0.000954682, 0.000555892, 0.000555892, 0.997934], 
              [0.000954682, 0.000555892, 0.997535, 0.000954682], 
              [0.000954682, 0.000555892, 0.997535, 0.000954682], 
              [0.997934, 0.000555892, 0.000555892, 0.000954682]
            ]
          }, {
            "db": 0,
            "id": "CMTCGRGA",
            "alt": "DREME-7",
            "len": 8,
            "nsites": 57,
            "evalue": "1.4e-008",
            "pwm": [
              [0.000553415, 0.998571, 0.000322242, 0.000553415], 
              [0.438381, 0.560743, 0.000322242, 0.000553415], 
              [0.000553415, 0.000322242, 0.000322242, 0.998802], 
              [0.000553415, 0.998571, 0.000322242, 0.000553415], 
              [0.000553415, 0.000322242, 0.998571, 0.000553415], 
              [0.631026, 0.000322242, 0.368098, 0.000553415], 
              [0.000553415, 0.000322242, 0.998571, 0.000553415], 
              [0.998802, 0.000322242, 0.000322242, 0.000553415]
            ]
          }, {
            "db": 0,
            "id": "GSCTCGA",
            "alt": "DREME-10",
            "len": 7,
            "nsites": 47,
            "evalue": "4.3e-003",
            "pwm": [
              [0.000670912, 0.000390659, 0.998268, 0.000670912], 
              [0.000670912, 0.509945, 0.488714, 0.000670912], 
              [0.000670912, 0.998268, 0.000390659, 0.000670912], 
              [0.000670912, 0.000390659, 0.000390659, 0.998548], 
              [0.000670912, 0.998268, 0.000390659, 0.000670912], 
              [0.000670912, 0.000390659, 0.998268, 0.000670912], 
              [0.998548, 0.000390659, 0.000390659, 0.000670912]
            ]
          }, {
            "db": 0,
            "id": "GTGVCA",
            "alt": "DREME-8",
            "len": 6,
            "nsites": 308,
            "evalue": "3.1e-005",
            "pwm": [
              [0.000102564, 5.9721e-05, 0.999735, 0.000102564], 
              [0.000102564, 5.9721e-05, 5.9721e-05, 0.999778], 
              [0.000102564, 5.9721e-05, 0.999735, 0.000102564], 
              [0.509677, 0.240242, 0.249979, 0.000102564], 
              [0.000102564, 0.999735, 5.9721e-05, 0.000102564], 
              [0.999778, 5.9721e-05, 5.9721e-05, 0.000102564]
            ]
          }, {
            "db": 0,
            "id": "RTAWATA",
            "alt": "DREME-4",
            "len": 7,
            "nsites": 472,
            "evalue": "1.8e-013",
            "pwm": [
              [0.68848, 3.89748e-05, 0.311414, 6.69349e-05], 
              [6.69349e-05, 3.89748e-05, 3.89748e-05, 0.999855], 
              [0.999855, 3.89748e-05, 3.89748e-05, 6.69349e-05], 
              [0.610107, 3.89748e-05, 3.89748e-05, 0.389815], 
              [0.999855, 3.89748e-05, 3.89748e-05, 6.69349e-05], 
              [6.69349e-05, 3.89748e-05, 3.89748e-05, 0.999855], 
              [0.999855, 3.89748e-05, 3.89748e-05, 6.69349e-05]
            ]
          }
        ],
        "targets": [
          {
            "db": 0,
            "id": "AP2EREBP_tnt.AIL7_colamp_a_m1",
            "alt": "AIL7",
            "len": 12,
            "nsites": 600,
            "evalue": "1.9e-555",
            "url": "http://neomorph.salk.edu/dap_web/pages/browse_table_aj.php?AGI=AIL7",
            "pwm": [
              [0.584955, 0.0850165, 0.158337, 0.171691], 
              [0.0367135, 0.903213, 0.0183606, 0.0417127], 
              [0.348328, 0.0366916, 0.54494, 0.070041], 
              [0.47664, 0.145006, 0.213328, 0.165025], 
              [0.438313, 0.0683523, 0.0583539, 0.43498], 
              [0.158359, 0.0683523, 0.0200273, 0.75326], 
              [0.173357, 0.506613, 0.00669655, 0.313333], 
              [0.0267152, 0.581601, 3.06616e-05, 0.391654], 
              [0.00171938, 0.996532, 3.06616e-05, 0.00171938], 
              [0.241679, 0.0550215, 0.634925, 0.0683743], 
              [0.998219, 3.06616e-05, 0.00169738, 5.26578e-05], 
              [0.0383793, 0.010029, 0.733241, 0.218349]
            ]
          }, {
            "db": 0,
            "id": "AP2EREBP_tnt.PLT1_col_a_m1",
            "alt": "PLT1",
            "len": 19,
            "nsites": 195,
            "evalue": "1.3e-357",
            "url": "http://neomorph.salk.edu/dap_web/pages/browse_table_aj.php?AGI=PLT1",
            "pwm": [
              [0.153929, 0.0667271, 0.497275, 0.282068], 
              [0.215437, 0.0257222, 0.569034, 0.189809], 
              [0.0155391, 0.876568, 9.43108e-05, 0.107799], 
              [0.748496, 0.0462247, 0.123108, 0.0821709], 
              [0.0104127, 0.958577, 0.0154714, 0.0155391], 
              [0.148804, 0.0205968, 0.799684, 0.0309152], 
              [0.302571, 0.210243, 0.328131, 0.159054], 
              [0.471715, 0.0462247, 0.0821033, 0.399957], 
              [0.189809, 0.102606, 0.0257222, 0.681863], 
              [0.220562, 0.420392, 9.43108e-05, 0.358952], 
              [0.0667948, 0.528029, 0.00521968, 0.399957], 
              [0.000161968, 0.989331, 9.43108e-05, 0.0104127], 
              [0.241064, 0.0462247, 0.645917, 0.0667948], 
              [0.968896, 9.43108e-05, 0.0308475, 0.000161968], 
              [0.0821709, 0.0462247, 0.727926, 0.143678], 
              [0.389706, 0.0154714, 0.58441, 0.0104127], 
              [0.410208, 0.31788, 0.05135, 0.220562], 
              [0.410208, 0.143611, 0.251248, 0.194934], 
              [0.369204, 0.169239, 0.276875, 0.184682]
            ]
          }, {
            "db": 0,
            "id": "AP2EREBP_tnt.PLT3_col_a_m1",
            "alt": "PLT3",
            "len": 15,
            "nsites": 531,
            "evalue": "5.3e-659",
            "url": "http://neomorph.salk.edu/dap_web/pages/browse_table_aj.php?AGI=PLT3",
            "pwm": [
              [0.0207716, 0.64963, 0.030161, 0.299438], 
              [0.254249, 0.660927, 0.024512, 0.0603122], 
              [0.00382479, 0.0452241, 0.00568358, 0.945267], 
              [0.0621948, 0.672224, 0.0621699, 0.203411], 
              [0.00382479, 0.0132152, 0.973486, 0.00947373], 
              [0.41806, 3.46452e-05, 0.523476, 0.0584285], 
              [0.314501, 0.0132152, 0.448161, 0.224122], 
              [0.692961, 0.030161, 0.0866473, 0.190231], 
              [0.419942, 0.0452241, 0.0772331, 0.4576], 
              [0.180816, 0.288116, 0.182674, 0.348393], 
              [0.0697264, 0.700468, 0.0320436, 0.197762], 
              [0.0433663, 0.0207467, 0.890639, 0.045249], 
              [0.156339, 0.1469, 0.111125, 0.585636], 
              [0.184582, 0.0263947, 0.726828, 0.0621948], 
              [0.246717, 0.489584, 0.0452241, 0.218474]
            ]
          }, {
            "db": 0,
            "id": "ARF_ecoli.MP_col_m1",
            "alt": "MP",
            "len": 10,
            "nsites": 600,
            "evalue": "8.1e-690",
            "url": "http://neomorph.salk.edu/dap_web/pages/browse_table_aj.php?AGI=MP",
            "pwm": [
              [0.263342, 0.231659, 0.28665, 0.218349], 
              [0.0567102, 0.814895, 0.040024, 0.0883709], 
              [0.223348, 0.769902, 0.00502983, 0.00171938], 
              [0.00838427, 3.06616e-05, 0.991532, 5.26578e-05], 
              [0.999886, 3.06616e-05, 3.06616e-05, 5.26578e-05], 
              [5.26578e-05, 0.999864, 3.06616e-05, 5.26578e-05], 
              [0.926565, 0.0733514, 3.06616e-05, 5.26578e-05], 
              [0.713267, 0.0433564, 0.0800173, 0.163358], 
              [0.479973, 0.10668, 0.301647, 0.111701], 
              [0.506635, 0.105013, 0.126677, 0.261676]
            ]
          }, {
            "db": 0,
            "id": "BBRBPC_tnt.BPC1_col_a_m1",
            "alt": "BPC1",
            "len": 24,
            "nsites": 539,
            "evalue": "3.9e-3844",
            "url": "http://neomorph.salk.edu/dap_web/pages/browse_table_aj.php?AGI=BPC1",
            "pwm": [
              [0.152164, 0.0334229, 0.780965, 0.0334474], 
              [0.895996, 0.00745375, 0.0538272, 0.0427227], 
              [0.0148979, 0.027858, 0.895972, 0.0612713], 
              [0.929385, 3.4131e-05, 0.0334229, 0.0371577], 
              [0.12434, 0.016729, 0.831049, 0.0278825], 
              [0.927531, 3.4131e-05, 0.0723767, 5.86161e-05], 
              [0.0798208, 0.0315683, 0.855163, 0.0334474], 
              [0.886721, 0.0055991, 0.081652, 0.0260278], 
              [0.0724012, 3.4131e-05, 0.894117, 0.0334474], 
              [0.96463, 0.0111641, 0.00374444, 0.0204628], 
              [0.0501423, 0.00374444, 0.942345, 0.00376893], 
              [0.960919, 0.0204383, 0.0055991, 0.0130432], 
              [0.115065, 0.016729, 0.834758, 0.0334474], 
              [0.853332, 3.4131e-05, 0.103911, 0.0427227], 
              [0.100226, 3.4131e-05, 0.857018, 0.0427227], 
              [0.899706, 3.4131e-05, 0.100202, 5.86161e-05], 
              [0.0761115, 0.0185837, 0.866292, 0.0390124], 
              [0.94237, 3.4131e-05, 0.016729, 0.040867], 
              [0.131759, 0.00374444, 0.851453, 0.0130432], 
              [0.886721, 0.022293, 0.0649571, 0.0260278], 
              [0.135469, 0.0352776, 0.81621, 0.0130432], 
              [0.834783, 0.027858, 0.0723767, 0.0649816], 
              [0.0872414, 0.0371332, 0.792095, 0.0835311], 
              [0.808814, 0.0408426, 0.0797963, 0.0705465]
            ]
          }, {
            "db": 0,
            "id": "BBRBPC_tnt.BPC1_colamp_a_m1",
            "alt": "BPC1",
            "len": 15,
            "nsites": 598,
            "evalue": "1.5e-2331",
            "url": "http://neomorph.salk.edu/dap_web/pages/browse_table_aj.php?AGI=BPC1",
            "pwm": [
              [0.128794, 0.665471, 0.0234378, 0.182296], 
              [0.0869953, 0.0886449, 0.0401581, 0.784203], 
              [0.0502114, 0.782509, 0.0418298, 0.12545], 
              [0.0334922, 0.0735975, 3.07642e-05, 0.892881], 
              [0.0268044, 0.635377, 0.0200944, 0.317726], 
              [5.28339e-05, 0.0200944, 3.07642e-05, 0.979822], 
              [0.0151003, 0.956393, 0.00170248, 0.0268044], 
              [0.005069, 0.00504693, 3.07642e-05, 0.989854], 
              [0.016772, 0.963081, 0.00504693, 0.0151003], 
              [5.28339e-05, 3.07642e-05, 3.07642e-05, 0.999886], 
              [0.00339627, 0.874467, 0.00839037, 0.113746], 
              [0.00841244, 0.0100621, 3.07642e-05, 0.981494], 
              [0.00339627, 0.919609, 0.01675, 0.0602438], 
              [0.00172455, 0.0769409, 0.00170248, 0.919631], 
              [0.157218, 0.563482, 0.0117348, 0.267567]
            ]
          }, {
            "db": 0,
            "id": "BBRBPC_tnt.BPC5_col_a_m1",
            "alt": "BPC5",
            "len": 30,
            "nsites": 102,
            "evalue": "1.0e-1327",
            "url": "http://neomorph.salk.edu/dap_web/pages/browse_table_aj.php?AGI=BPC5",
            "pwm": [
              [0.93077, 0.000180216, 0.06874, 0.0003095], 
              [0.0296927, 0.000180216, 0.969818, 0.0003095], 
              [0.99933, 0.000180216, 0.000180216, 0.0003095], 
              [0.0198983, 0.000180216, 0.960023, 0.0198983], 
              [0.979741, 0.000180216, 0.000180216, 0.0198983], 
              [0.0101039, 0.000180216, 0.969818, 0.0198983], 
              [0.969947, 0.000180216, 0.000180216, 0.0296927], 
              [0.0003095, 0.00997461, 0.979612, 0.0101039], 
              [0.969947, 0.000180216, 0.019769, 0.0101039], 
              [0.0101039, 0.00997461, 0.979612, 0.0003095], 
              [0.99933, 0.000180216, 0.000180216, 0.0003095], 
              [0.0003095, 0.000180216, 0.999201, 0.0003095], 
              [0.99933, 0.000180216, 0.000180216, 0.0003095], 
              [0.0394871, 0.000180216, 0.950229, 0.0101039], 
              [0.989536, 0.000180216, 0.00997461, 0.0003095], 
              [0.0198983, 0.000180216, 0.979612, 0.0003095], 
              [0.989536, 0.000180216, 0.00997461, 0.0003095], 
              [0.0101039, 0.00997461, 0.979612, 0.0003095], 
              [0.960152, 0.000180216, 0.00997461, 0.0296927], 
              [0.0101039, 0.00997461, 0.969818, 0.0101039], 
              [0.989536, 0.000180216, 0.00997461, 0.0003095], 
              [0.0003095, 0.00997461, 0.989406, 0.0003095], 
              [0.979741, 0.000180216, 0.000180216, 0.0198983], 
              [0.0101039, 0.00997461, 0.969818, 0.0101039], 
              [0.960152, 0.000180216, 0.0295634, 0.0101039], 
              [0.0101039, 0.00997461, 0.969818, 0.0101039], 
              [0.960152, 0.000180216, 0.000180216, 0.0394871], 
              [0.0003095, 0.0393578, 0.960023, 0.0003095], 
              [0.979741, 0.019769, 0.000180216, 0.0003095], 
              [0.0492815, 0.0295634, 0.891463, 0.0296927]
            ]
          }, {
            "db": 0,
            "id": "BBRBPC_tnt.BPC5_colamp_a_m1",
            "alt": "BPC5",
            "len": 29,
            "nsites": 50,
            "evalue": "6.7e-260",
            "url": "http://neomorph.salk.edu/dap_web/pages/browse_table_aj.php?AGI=BPC5",
            "pwm": [
              [0.379872, 0.100168, 0.439489, 0.0804711], 
              [0.659313, 0.0602475, 0.279808, 0.000630738], 
              [0.280072, 0.100168, 0.539289, 0.0804711], 
              [0.599433, 0.120128, 0.239888, 0.0405509], 
              [0.280072, 0.140088, 0.499369, 0.0804711], 
              [0.559513, 0.140088, 0.160048, 0.140351], 
              [0.339952, 0.000367266, 0.519329, 0.140351], 
              [0.659313, 0.0602475, 0.239888, 0.0405509], 
              [0.180271, 0.0402874, 0.77881, 0.000630738], 
              [0.799034, 0.000367266, 0.000367266, 0.200232], 
              [0.0405509, 0.0402874, 0.818731, 0.100431], 
              [0.719194, 0.100168, 0.140088, 0.0405509], 
              [0.260112, 0.000367266, 0.71893, 0.0205908], 
              [0.739154, 0.0402874, 0.180008, 0.0405509], 
              [0.060511, 0.0203273, 0.838691, 0.0804711], 
              [0.818994, 0.000367266, 0.0602475, 0.120391], 
              [0.120391, 0.000367266, 0.878611, 0.000630738], 
              [0.938754, 0.000367266, 0.0602475, 0.000630738], 
              [0.180271, 0.000367266, 0.79877, 0.0205908], 
              [0.918794, 0.000367266, 0.0802076, 0.000630738], 
              [0.140351, 0.0203273, 0.838691, 0.000630738], 
              [0.978675, 0.000367266, 0.000367266, 0.0205908], 
              [0.0804711, 0.000367266, 0.898571, 0.0205908], 
              [0.858914, 0.0203273, 0.120128, 0.000630738], 
              [0.160311, 0.000367266, 0.79877, 0.0405509], 
              [0.958715, 0.000367266, 0.0402874, 0.000630738], 
              [0.060511, 0.000367266, 0.938491, 0.000630738], 
              [0.998635, 0.000367266, 0.000367266, 0.000630738], 
              [0.0804711, 0.0602475, 0.838691, 0.0205908]
            ]
          }, {
            "db": 0,
            "id": "BBRBPC_tnt.BPC6_col_a_m1",
            "alt": "BPC6",
            "len": 21,
            "nsites": 188,
            "evalue": "9.7e-1194",
            "url": "http://neomorph.salk.edu/dap_web/pages/browse_table_aj.php?AGI=BPC6",
            "pwm": [
              [0.12776, 0.712485, 0.0107302, 0.149025], 
              [0.0958621, 0.101108, 9.78205e-05, 0.802932], 
              [0.0692802, 0.856026, 0.0532605, 0.0214337], 
              [0.0799126, 0.037312, 0.0266797, 0.856096], 
              [0.0639641, 0.755015, 0.037312, 0.143709], 
              [0.032066, 0.0107302, 0.0266797, 0.930524], 
              [0.000167996, 0.850709, 0.0160463, 0.133076], 
              [0.0108003, 0.0319959, 0.00541399, 0.95179], 
              [0.00548417, 0.941086, 0.0107302, 0.0426984], 
              [0.000167996, 0.00541399, 9.78205e-05, 0.99432], 
              [0.00548417, 0.89324, 9.78205e-05, 0.101178], 
              [0.0108003, 9.78205e-05, 9.78205e-05, 0.989004], 
              [0.0108003, 0.988934, 9.78205e-05, 0.000167996], 
              [0.000167996, 0.00541399, 9.78205e-05, 0.99432], 
              [0.0639641, 0.898556, 9.78205e-05, 0.0373822], 
              [0.0214337, 0.0160463, 9.78205e-05, 0.962422], 
              [0.0639641, 0.89324, 0.0266797, 0.0161165], 
              [0.0426984, 0.0319959, 9.78205e-05, 0.925208], 
              [0.032066, 0.903872, 9.78205e-05, 0.0639641], 
              [0.0161165, 0.0107302, 0.0107302, 0.962422], 
              [0.265984, 0.654005, 0.00541399, 0.0745964]
            ]
          }, {
            "db": 0,
            "id": "C2C2dof_tnt.AT1G47655_colamp_a_m1",
            "alt": "AT1G47655",
            "len": 15,
            "nsites": 571,
            "evalue": "6.0e-356",
            "url": "http://neomorph.salk.edu/dap_web/pages/browse_table_aj.php?AGI=AT1G47655",
            "pwm": [
              [0.087606, 0.329222, 0.108594, 0.474578], 
              [0.131381, 0.364241, 3.22186e-05, 0.504345], 
              [0.0735975, 0.190892, 0.0718236, 0.663687], 
              [0.0893567, 0.0823298, 0.052562, 0.775751], 
              [0.0263207, 0.210153, 0.0210445, 0.742482], 
              [0.136633, 0.115599, 0.138362, 0.609406], 
              [0.227686, 0.169879, 0.234667, 0.367767], 
              [5.53317e-05, 0.964837, 0.00878769, 0.0263207], 
              [5.53317e-05, 0.0735743, 3.22186e-05, 0.926338], 
              [5.53317e-05, 0.0210445, 3.22186e-05, 0.978868], 
              [0.00705911, 0.0893336, 3.22186e-05, 0.903575], 
              [0.16465, 0.110346, 0.106844, 0.618161], 
              [0.0508344, 0.189141, 0.143615, 0.616409], 
              [0.0928591, 0.320466, 0.241671, 0.345004], 
              [0.203172, 0.208402, 0.126105, 0.462321]
            ]
          }, {
            "db": 0,
            "id": "C2C2dof_tnt.AT1G69570_col_a_m1",
            "alt": "AT1G69570",
            "len": 27,
            "nsites": 596,
            "evalue": "4.8e-893",
            "url": "http://neomorph.salk.edu/dap_web/pages/browse_table_aj.php?AGI=AT1G69570",
            "pwm": [
              [0.219815, 0.201339, 0.0956528, 0.483193], 
              [0.231558, 0.142624, 0.10404, 0.521777], 
              [0.152712, 0.0855865, 0.137592, 0.624109], 
              [0.125871, 0.070489, 0.189596, 0.614044], 
              [0.114128, 0.441232, 0.0369377, 0.407703], 
              [0.583848, 0.120816, 0.135914, 0.159422], 
              [5.30112e-05, 0.999863, 3.08674e-05, 5.30112e-05], 
              [5.30112e-05, 0.0402921, 3.08674e-05, 0.959624], 
              [5.30112e-05, 0.00674074, 3.08674e-05, 0.993175], 
              [5.30112e-05, 3.08674e-05, 3.08674e-05, 0.999885], 
              [0.149357, 0.03526, 0.0134516, 0.801931], 
              [0.134258, 0.172821, 0.100685, 0.592236], 
              [0.164455, 0.419423, 0.0990073, 0.317114], 
              [0.134258, 0.253344, 0.0503584, 0.56204], 
              [0.109095, 0.134236, 0.03526, 0.721409], 
              [0.110772, 0.10404, 0.0419698, 0.743217], 
              [0.140969, 0.100685, 0.0570683, 0.701277], 
              [0.162778, 0.182886, 0.0604237, 0.593913], 
              [0.130903, 0.238246, 0.100685, 0.530165], 
              [0.191296, 0.184564, 0.0855865, 0.538554], 
              [0.122515, 0.167788, 0.114106, 0.595591], 
              [0.134258, 0.137592, 0.0939751, 0.634175], 
              [0.166132, 0.127526, 0.0872642, 0.619077], 
              [0.203039, 0.16611, 0.0990073, 0.531843], 
              [0.191296, 0.149335, 0.135914, 0.523455], 
              [0.224847, 0.164433, 0.122493, 0.488226], 
              [0.256721, 0.204695, 0.0805544, 0.45803]
            ]
          }, {
            "db": 0,
            "id": "C2C2dof_tnt.AT1G69570_colamp_a_m1",
            "alt": "AT1G69570",
            "len": 21,
            "nsites": 598,
            "evalue": "1.6e-663",
            "url": "http://neomorph.salk.edu/dap_web/pages/browse_table_aj.php?AGI=AT1G69570",
            "pwm": [
              [0.414699, 0.163883, 0.172243, 0.249175], 
              [0.476562, 0.13546, 0.155523, 0.232455], 
              [0.573536, 0.147163, 0.167227, 0.112074], 
              [0.573536, 0.100348, 0.14382, 0.182296], 
              [0.508329, 0.14382, 0.230761, 0.11709], 
              [0.521705, 0.112052, 0.157195, 0.209048], 
              [0.523376, 0.0936601, 0.244137, 0.138826], 
              [0.513345, 0.0853005, 0.247481, 0.153873], 
              [0.627038, 0.0635651, 0.13546, 0.173937], 
              [0.715652, 0.0401581, 0.13546, 0.108731], 
              [0.667165, 0.0919884, 0.147163, 0.0936822], 
              [0.556816, 0.0953328, 0.22073, 0.127122], 
              [0.28763, 0.14382, 0.434741, 0.133809], 
              [0.585239, 0.130444, 0.153851, 0.130466], 
              [0.718997, 0.0267823, 0.0418298, 0.212392], 
              [0.999886, 3.07642e-05, 3.07642e-05, 5.28339e-05], 
              [0.999886, 3.07642e-05, 3.07642e-05, 5.28339e-05], 
              [0.979822, 3.07642e-05, 0.0200944, 5.28339e-05], 
              [5.28339e-05, 3.07642e-05, 0.999864, 5.28339e-05], 
              [0.0853226, 0.183946, 0.150508, 0.580224], 
              [0.339461, 0.0401581, 0.488243, 0.132138]
            ]
          }, {
            "db": 0,
            "id": "C2C2dof_tnt.AT2G28810_colamp_a_m1",
            "alt": "AT2G28810",
            "len": 15,
            "nsites": 600,
            "evalue": "1.1e-477",
            "url": "http://neomorph.salk.edu/dap_web/pages/browse_table_aj.php?AGI=AT2G28810",
            "pwm": [
              [0.136697, 0.133341, 0.201664, 0.528298], 
              [0.0950368, 0.206663, 0.0800173, 0.618283], 
              [0.193353, 0.256655, 0.0950148, 0.454977], 
              [0.461643, 0.228326, 0.183333, 0.126699], 
              [5.26578e-05, 0.999864, 3.06616e-05, 5.26578e-05], 
              [5.26578e-05, 0.0633531, 3.06616e-05, 0.936564], 
              [5.26578e-05, 3.06616e-05, 3.06616e-05, 0.999886], 
              [5.26578e-05, 3.06616e-05, 3.06616e-05, 0.999886], 
              [0.251678, 3.06616e-05, 3.06616e-05, 0.748261], 
              [0.0133834, 0.130009, 0.00169738, 0.85491], 
              [0.170024, 0.308312, 0.324977, 0.196687], 
              [0.210018, 0.278317, 0.156672, 0.354994], 
              [0.158359, 0.238324, 0.176668, 0.426649], 
              [0.158359, 0.233325, 0.100014, 0.508301], 
              [0.220016, 0.145006, 0.0750182, 0.559959]
            ]
          }, {
            "db": 0,
            "id": "C2C2dof_tnt.Adof1_col_a_m1",
            "alt": "Adof1",
            "len": 21,
            "nsites": 595,
            "evalue": "1.8e-518",
            "url": "http://neomorph.salk.edu/dap_web/pages/browse_table_aj.php?AGI=Adof1",
            "pwm": [
              [0.465521, 0.157987, 0.163029, 0.213462], 
              [0.522654, 0.119339, 0.178152, 0.179855], 
              [0.556263, 0.0840508, 0.196637, 0.163051], 
              [0.531056, 0.12774, 0.178152, 0.163051], 
              [0.46048, 0.114298, 0.205038, 0.220184], 
              [0.275637, 0.233605, 0.33947, 0.151289], 
              [0.652045, 0.0806894, 0.181513, 0.0857527], 
              [0.783114, 3.09192e-05, 0.00507207, 0.211783], 
              [0.999885, 3.09192e-05, 3.09192e-05, 5.31003e-05], 
              [0.999885, 3.09192e-05, 3.09192e-05, 5.31003e-05], 
              [0.966278, 3.09192e-05, 0.0336383, 5.31003e-05], 
              [5.31003e-05, 3.09192e-05, 0.999863, 5.31003e-05], 
              [0.161371, 0.189915, 0.157987, 0.490727], 
              [0.623477, 0.0302778, 0.151267, 0.194978], 
              [0.574747, 0.0437206, 0.29746, 0.084073], 
              [0.640281, 0.0874112, 0.139503, 0.132804], 
              [0.54786, 0.115977, 0.110936, 0.225225], 
              [0.492407, 0.0857305, 0.226884, 0.194978], 
              [0.484006, 0.146224, 0.220162, 0.149608], 
              [0.447037, 0.131101, 0.159668, 0.262194], 
              [0.4588, 0.104215, 0.25377, 0.183215]
            ]
          }, {
            "db": 0,
            "id": "C2C2dof_tnt.Adof1_colamp_a_m1",
            "alt": "Adof1",
            "len": 21,
            "nsites": 591,
            "evalue": "1.2e-521",
            "url": "http://neomorph.salk.edu/dap_web/pages/browse_table_aj.php?AGI=Adof1",
            "pwm": [
              [0.531267, 0.0846188, 0.169208, 0.214907], 
              [0.421302, 0.126914, 0.25887, 0.192914], 
              [0.541417, 0.133681, 0.164132, 0.160771], 
              [0.532958, 0.0930784, 0.189508, 0.184455], 
              [0.450062, 0.120146, 0.211501, 0.218291], 
              [0.385775, 0.167516, 0.201351, 0.245359], 
              [0.225057, 0.291014, 0.316391, 0.167538], 
              [0.807024, 0.0575514, 0.0863105, 0.0491142], 
              [0.773189, 0.0372498, 0.0101814, 0.17938], 
              [0.999884, 3.11285e-05, 3.11285e-05, 5.34596e-05], 
              [0.999884, 3.11285e-05, 3.11285e-05, 5.34596e-05], 
              [0.989734, 3.11285e-05, 0.0101814, 5.34596e-05], 
              [5.34596e-05, 3.11285e-05, 0.999862, 5.34596e-05], 
              [0.0135872, 0.225035, 0.130297, 0.631081], 
              [0.548184, 0.0744685, 0.108304, 0.269044], 
              [0.642923, 0.0474001, 0.228418, 0.0812577], 
              [0.500815, 0.179358, 0.159056, 0.160771], 
              [0.458521, 0.157365, 0.128605, 0.255509], 
              [0.373932, 0.111687, 0.241953, 0.272427], 
              [0.402692, 0.187816, 0.159056, 0.250434], 
              [0.31303, 0.253795, 0.137064, 0.296111]
            ]
          }, {
            "db": 0,
            "id": "C2C2dof_tnt.At5g62940_col_a_m1",
            "alt": "At5g62940",
            "len": 21,
            "nsites": 600,
            "evalue": "5.7e-600",
            "url": "http://neomorph.salk.edu/dap_web/pages/browse_table_aj.php?AGI=At5g62940",
            "pwm": [
              [0.474974, 0.111679, 0.254988, 0.158359], 
              [0.509968, 0.101681, 0.185, 0.203352], 
              [0.499969, 0.0883489, 0.181667, 0.230014], 
              [0.524965, 0.0900157, 0.204997, 0.180023], 
              [0.549961, 0.0916824, 0.188332, 0.170024], 
              [0.55496, 0.0883489, 0.196665, 0.160026], 
              [0.531631, 0.110012, 0.175001, 0.183355], 
              [0.403318, 0.121677, 0.256655, 0.218349], 
              [0.250011, 0.231659, 0.34664, 0.171691], 
              [0.723265, 0.0933481, 0.120011, 0.0633751], 
              [0.811584, 3.06616e-05, 3.06616e-05, 0.188354], 
              [0.999886, 3.06616e-05, 3.06616e-05, 5.26578e-05], 
              [0.999886, 3.06616e-05, 3.06616e-05, 5.26578e-05], 
              [0.994887, 3.06616e-05, 0.00502983, 5.26578e-05], 
              [5.26578e-05, 3.06616e-05, 0.999864, 5.26578e-05], 
              [0.146695, 0.138341, 0.248322, 0.466642], 
              [0.493303, 0.0600207, 0.173335, 0.27334], 
              [0.65661, 0.0216941, 0.254988, 0.0667085], 
              [0.671608, 0.108346, 0.0866832, 0.133363], 
              [0.486639, 0.118344, 0.145006, 0.250011], 
              [0.511634, 0.0750182, 0.168336, 0.245012]
            ]
          }, {
            "db": 0,
            "id": "C2C2dof_tnt.CDF3_colamp_a_m1",
            "alt": "CDF3",
            "len": 18,
            "nsites": 600,
            "evalue": "3.3e-654",
            "url": "http://neomorph.salk.edu/dap_web/pages/browse_table_aj.php?AGI=CDF3",
            "pwm": [
              [0.200019, 0.101681, 0.170002, 0.528298], 
              [0.155027, 0.070019, 0.266653, 0.508301], 
              [0.136697, 0.463286, 0.0183606, 0.381656], 
              [0.626615, 0.0950148, 0.148339, 0.130031], 
              [5.26578e-05, 0.999864, 3.06616e-05, 5.26578e-05], 
              [5.26578e-05, 0.0550215, 3.06616e-05, 0.944895], 
              [5.26578e-05, 3.06616e-05, 3.06616e-05, 0.999886], 
              [5.26578e-05, 3.06616e-05, 3.06616e-05, 0.999886], 
              [0.126699, 0.0333581, 0.0216941, 0.818249], 
              [0.128364, 0.183333, 0.116678, 0.571624], 
              [0.191688, 0.338307, 0.201664, 0.268341], 
              [0.266675, 0.259987, 0.135008, 0.338329], 
              [0.130031, 0.336642, 0.121677, 0.411651], 
              [0.1167, 0.219994, 0.0766849, 0.586622], 
              [0.0767069, 0.148339, 0.0433564, 0.731598], 
              [0.0800393, 0.161671, 0.0383573, 0.719933], 
              [0.121699, 0.133341, 0.0633531, 0.681606], 
              [0.17669, 0.126677, 0.130009, 0.566625]
            ]
          }, {
            "db": 0,
            "id": "C2C2dof_tnt.COG1_col_a_m1",
            "alt": "COG1",
            "len": 21,
            "nsites": 600,
            "evalue": "3.0e-637",
            "url": "http://neomorph.salk.edu/dap_web/pages/browse_table_aj.php?AGI=COG1",
            "pwm": [
              [0.428314, 0.136675, 0.233325, 0.201686], 
              [0.431648, 0.14334, 0.196665, 0.228348], 
              [0.55496, 0.100014, 0.175001, 0.170024], 
              [0.529964, 0.103346, 0.168336, 0.198353], 
              [0.548294, 0.12501, 0.201664, 0.125032], 
              [0.548294, 0.0916824, 0.189999, 0.170024], 
              [0.501636, 0.101681, 0.238324, 0.158359], 
              [0.418316, 0.121677, 0.24499, 0.215017], 
              [0.306669, 0.156672, 0.331642, 0.205018], 
              [0.733263, 0.0566882, 0.118344, 0.0917044], 
              [0.809918, 0.0133614, 0.00169738, 0.175023], 
              [0.998219, 0.00169738, 3.06616e-05, 5.26578e-05], 
              [0.998219, 3.06616e-05, 0.00169738, 5.26578e-05], 
              [0.984889, 3.06616e-05, 0.0150282, 5.26578e-05], 
              [5.26578e-05, 3.06616e-05, 0.999864, 5.26578e-05], 
              [0.0767069, 0.0583539, 0.233325, 0.631614], 
              [0.386655, 0.0366916, 0.454955, 0.121699], 
              [0.541629, 0.20333, 0.0683523, 0.186689], 
              [0.666609, 0.135008, 0.0633531, 0.13503], 
              [0.566625, 0.118344, 0.0900157, 0.225015], 
              [0.5133, 0.105013, 0.198331, 0.183355]
            ]
          }, {
            "db": 0,
            "id": "C2C2dof_tnt.OBP4_colamp_a_m1",
            "alt": "OBP4",
            "len": 19,
            "nsites": 600,
            "evalue": "4.9e-462",
            "url": "http://neomorph.salk.edu/dap_web/pages/browse_table_aj.php?AGI=OBP4",
            "pwm": [
              [0.471641, 0.10668, 0.135008, 0.286672], 
              [0.426649, 0.131676, 0.211662, 0.230014], 
              [0.496637, 0.116678, 0.156672, 0.230014], 
              [0.546629, 0.12501, 0.185, 0.143362], 
              [0.404985, 0.146673, 0.243323, 0.205018], 
              [0.368324, 0.198331, 0.228326, 0.205018], 
              [0.241679, 0.338307, 0.238324, 0.181689], 
              [0.878239, 0.010029, 0.0516891, 0.0600427], 
              [0.804919, 3.06616e-05, 3.06616e-05, 0.19502], 
